1621218776.000000000 209354.605191486 2468882.800114059 3.471000000 -0.009625836 -0.012336171 -0.915343964 0.402368724
1621218777.000000000 209354.604349657 2468882.801053342 3.486000000 -0.009600483 -0.012345417 -0.915344821 0.402367096
1621218778.000000000 209354.603255992 2468882.803844418 3.481000000 -0.009597021 -0.012333389 -0.915344415 0.402368471
1621218779.000000000 209354.601022623 2468882.806964652 3.469000000 -0.009589951 -0.012336138 -0.915346512 0.402363784
1621218780.000000000 209354.598228037 2468882.810711075 3.458000000 -0.009578329 -0.012329175 -0.915346306 0.402364744
1621218781.000000000 209354.592879193 2468882.815736648 3.441000000 -0.009559367 -0.012324204 -0.915348046 0.402361389
1621218782.000000000 209354.581487935 2468882.819335969 3.418000000 -0.010012188 -0.012143341 -0.915340217 0.402373684
1621218783.000000000 209354.385005774 2468882.667854900 3.394000000 -0.010996780 -0.012024695 -0.915332777 0.402368469
1621218784.000000000 209353.649684288 2468882.072066851 3.374000000 -0.011194700 -0.009658578 -0.915252055 0.402610317
1621218785.000000000 209352.048864366 2468880.736081838 3.357000000 -0.014047624 -0.008589786 -0.914676887 0.403850309
1621218786.000000000 209349.536465331 2468878.677385487 3.358000000 -0.010719625 -0.006229735 -0.912934514 0.407917703
1621218787.000000000 209346.401939992 2468876.178402854 3.358000000 -0.009347279 -0.008456265 -0.908012985 0.418752360
1621218788.000000000 209343.314127916 2468873.772440651 3.359000000 -0.009285981 -0.004134415 -0.910554975 0.413263008
1621218789.000000000 209340.380712619 2468871.059746484 3.371000000 -0.005184049 0.005875142 -0.940812442 0.338837066
1621218790.000000000 209338.493181464 2468867.458749906 3.351000000 0.001502133 0.009456578 -0.991710340 0.128136330
1621218791.000000000 209338.860368588 2468863.380602765 3.310000000 0.003939087 -0.003877743 0.984821474 0.173482307
1621218792.000000000 209341.456178644 2468859.819524569 3.279000000 0.000855712 0.007305130 0.925239141 0.379313108
1621218793.000000000 209344.954596638 2468856.409345763 3.240000000 -0.003605100 0.017407842 0.916674944 0.399238047
1621218794.000000000 209348.723651192 2468852.382414786 3.212000000 -0.003596773 0.016146306 0.928367092 0.371296246
1621218795.000000000 209352.700101205 2468847.466546059 3.199000000 -0.002708572 0.014249787 0.941858974 0.335695220
1621218796.000000000 209356.737861053 2468841.723578089 3.170000000 0.001256071 0.005832967 0.948996629 0.315229754
1621218797.000000000 209361.146924103 2468835.507896097 3.154000000 0.000919139 0.007829684 0.944372795 0.328782413
1621218798.000000000 209366.208242244 2468829.060833056 3.143000000 0.000445853 0.007583158 0.934888715 0.354859673
1621218799.000000000 209371.880247524 2468822.380704160 3.135000000 0.000627590 0.011620834 0.931736056 0.362949698
1621218800.000000000 209377.877905086 2468815.344774979 3.119000000 0.002902573 0.001757363 0.930850533 0.365384417
1621218801.000000000 209384.156016945 2468808.033007763 3.102000000 0.007897674 0.002454985 0.931871032 0.362695436
1621218802.000000000 209390.551968092 2468800.511859674 3.109000000 0.002689650 -0.000730530 0.932069546 0.362268677
1621218803.000000000 209396.957936897 2468792.989912107 3.079000000 0.003208528 0.006586388 0.932628314 0.360764123
1621218804.000000000 209403.184938778 2468785.532883217 3.077000000 0.005046567 0.002212344 0.933407610 0.358775516
1621218805.000000000 209409.315875678 2468778.269442279 3.081000000 0.002877630 0.003305126 0.932172755 0.361987223
1621218806.000000000 209415.339611539 2468771.247513601 3.086000000 0.000739571 0.009646856 0.931592917 0.363374501
1621218807.000000000 209420.690575549 2468764.922200650 3.108000000 0.001221642 0.002517102 0.931703109 0.363209978
1621218808.000000000 209424.773193191 2468760.135822758 3.107000000 -0.001829232 0.008365137 0.932967745 0.359858118
1621218809.000000000 209427.207482053 2468757.234113356 3.124000000 -0.001269861 0.006552362 0.933191853 0.359316601
1621218810.000000000 209428.032555405 2468756.256052544 3.139000000 0.000250438 0.006230313 0.933346869 0.358921639
1621218811.000000000 209428.053218519 2468756.242736713 3.158000000 0.001832859 0.006861411 0.933339988 0.358923431
1621218812.000000000 209428.053373838 2468756.251045681 3.179000000 0.001851336 0.006859704 0.933342081 0.358917926
1621218813.000000000 209428.053483136 2468756.256892731 3.199000000 0.001836385 0.006880419 0.933337553 0.358929380
1621218814.000000000 209428.053838533 2468756.260580253 3.220000000 0.001841504 0.006861900 0.933339652 0.358924251
1621218815.000000000 209428.054634352 2468756.257179059 3.224000000 0.001839871 0.006888275 0.933339000 0.358925448
1621218816.000000000 209428.054622847 2468756.256563580 3.225000000 0.001841308 0.006901754 0.933337588 0.358928854
1621218817.000000000 209428.054622847 2468756.256563580 3.224000000 0.001837184 0.006892831 0.933337552 0.358929141
1621218818.000000000 209428.054622847 2468756.256563580 3.223000000 0.001844644 0.006886837 0.933335193 0.358935351
1621218819.000000000 209428.054622847 2468756.256563580 3.222000000 0.001804598 0.006933662 0.933336709 0.358930710
1621218820.000000000 209428.054622847 2468756.256563580 3.220000000 0.001837178 0.006898849 0.933331577 0.358944560
1621218821.000000000 209428.054622847 2468756.256563580 3.219000000 0.001829396 0.006937770 0.933337871 0.358927484
1621218822.000000000 209428.054622847 2468756.256563580 3.217000000 0.001834038 0.006923014 0.933337122 0.358929692
1621218823.000000000 209428.054622847 2468756.256563580 3.216000000 0.001821390 0.006940562 0.933339720 0.358922662
1621218824.000000000 209428.054622847 2468756.256563580 3.214000000 0.001812900 0.006919477 0.933334168 0.358937551
1621218825.000000000 209428.054622847 2468756.256563580 3.213000000 0.001815517 0.006916429 0.933337201 0.358929710
1621218826.000000000 209428.054622847 2468756.256563580 3.211000000 0.001778892 0.006930226 0.933335185 0.358934868
1621218827.000000000 209428.054622847 2468756.256563580 3.210000000 0.001802872 0.006924466 0.933342268 0.358916443
1621218828.000000000 209428.054622847 2468756.256563580 3.208000000 0.001798596 0.006878157 0.933341853 0.358918434
1621218829.000000000 209428.054622847 2468756.256563580 3.206000000 0.001781143 0.006965076 0.933341625 0.358917435
1621218830.000000000 209428.054622847 2468756.256563580 3.205000000 0.001781684 0.006954977 0.933343560 0.358912599
1621218831.000000000 209428.054622847 2468756.256563580 3.203000000 0.001817523 0.006916120 0.933337915 0.358927848
1621218832.000000000 209428.054622847 2468756.256563580 3.201000000 0.001834555 0.006912121 0.933341755 0.358917853
1621218833.000000000 209428.054622847 2468756.256563580 3.199000000 0.001789781 0.006907154 0.933343462 0.358913736
1621218834.000000000 209428.054622847 2468756.256563580 3.197000000 0.001834881 0.006937173 0.933344392 0.358910512
1621218835.000000000 209428.054622847 2468756.256563580 3.195000000 0.001803035 0.006910784 0.933344933 0.358909774
1621218836.000000000 209428.054622847 2468756.256563580 3.193000000 0.001794382 0.006900320 0.933346126 0.358906916
1621218837.000000000 209428.054622847 2468756.256563580 3.191000000 0.001829629 0.006976384 0.933345397 0.358907165
1621218838.000000000 209428.054622847 2468756.256563580 3.189000000 0.001804415 0.006931692 0.933347315 0.358903169
1621218839.000000000 209428.054617095 2468756.256255840 3.188000000 0.001789925 0.006928807 0.933346775 0.358904703
1621218840.000000000 209428.056300775 2468756.254377285 3.191000000 0.001796234 0.006942994 0.933348535 0.358899819
1621218841.000000000 209428.058591705 2468756.254334461 3.331000000 0.001782823 0.006897469 0.933351606 0.358892778
1621218842.000000000 209428.060882633 2468756.254291637 3.415000000 0.001743639 0.006865265 0.933356182 0.358881687
1621218843.000000000 209428.063459928 2468756.254243460 3.460000000 0.001764479 0.006893643 0.933355033 0.358884030
1621218844.000000000 209428.067726656 2468756.252624467 3.483000000 0.001764877 0.006920057 0.933358017 0.358875759
1621218845.000000000 209428.110666272 2468756.205029048 3.487000000 0.002499421 0.007073184 0.933365827 0.358848096
1621218846.000000000 209428.379618040 2468755.881072005 3.486000000 0.003057092 0.006273749 0.933498700 0.358512862
1621218847.000000000 209428.986906673 2468755.144432372 3.479000000 0.004127300 0.004939763 0.933683515 0.358041420
1621218848.000000000 209430.033403592 2468753.874395670 3.474000000 0.002203007 0.002328535 0.934286128 0.356509686
1621218849.000000000 209431.149563877 2468752.484535753 3.464000000 0.003196724 0.003916927 0.938253896 0.345910487
1621218850.000000000 209432.055739781 2468751.262991426 3.456000000 0.002920886 0.003749974 0.944429988 0.328678268
1621218851.000000000 209432.509938472 2468750.612024488 3.445000000 0.002882870 0.004025272 0.948265630 0.317439413
1621218852.000000000 209432.608523405 2468750.476268217 3.431000000 0.003688778 0.004298917 0.949140716 0.314801228
1621218853.000000000 209432.625200415 2468750.464258292 3.412000000 0.004218350 0.004456323 0.949274003 0.314390226
1621218854.000000000 209432.812874184 2468750.190460484 3.394000000 0.004886116 0.005298010 0.951241596 0.308362583
1621218855.000000000 209433.230448821 2468749.495848200 3.371000000 0.006354032 0.006136493 0.958670454 0.284381664
1621218856.000000000 209433.974324295 2468747.576062293 3.363000000 0.009887323 0.007750294 0.985844220 0.167192544
1621218857.000000000 209433.983082046 2468744.351200903 3.383000000 -0.010456639 0.000423011 -0.998959497 0.044389214
1621218858.000000000 209432.394500611 2468740.390582176 3.377000000 -0.004666980 -0.004377811 -0.970306487 0.241794076
1621218859.000000000 209429.095747829 2468736.508416061 3.309000000 -0.000691375 -0.012411951 -0.925948422 0.377445341
1621218860.000000000 209424.616385360 2468732.867198749 3.231000000 -0.010568537 -0.015150345 -0.902993533 0.429256860
1621218861.000000000 209419.359370190 2468728.971153135 3.179000000 -0.007720755 -0.016563910 -0.900640565 0.434180376
1621218862.000000000 209413.524253678 2468724.614909729 3.132000000 -0.004449569 -0.009304963 -0.904420423 0.426517664
1621218863.000000000 209407.364983948 2468719.713989358 3.085000000 -0.007083652 -0.005061531 -0.911105636 0.412080967
1621218864.000000000 209400.829469447 2468714.332166922 3.069000000 -0.008532230 -0.008401893 -0.912077378 0.409843221
1621218865.000000000 209393.876812468 2468708.565024260 3.036000000 -0.006406208 -0.008038686 -0.913490683 0.406729777
1621218866.000000000 209386.655313804 2468702.453811442 3.001000000 -0.004947307 -0.006893518 -0.915955243 0.401190722
1621218867.000000000 209379.394774344 2468696.170013218 2.958000000 -0.004504348 -0.005825808 -0.917947605 0.396633287
1621218868.000000000 209372.313000930 2468689.933054545 2.909000000 -0.006251903 -0.011139760 -0.918181464 0.395954060
1621218869.000000000 209365.467822648 2468683.940107608 2.853000000 -0.002819154 -0.010584264 -0.917863786 0.396744371
1621218870.000000000 209358.838990336 2468678.149991390 2.795000000 -0.009072977 -0.007772994 -0.918200386 0.395935996
1621218871.000000000 209352.352127248 2468672.476359849 2.745000000 -0.006187117 -0.012466287 -0.916276529 0.400304425
1621218872.000000000 209345.871740976 2468666.980852875 2.720000000 -0.009484101 -0.008103587 -0.914142779 0.405200399
1621218873.000000000 209339.220586597 2468661.330615395 2.683000000 -0.011555368 -0.013035969 -0.915855928 0.401128978
1621218874.000000000 209332.526734903 2468655.542031564 2.692000000 -0.011171105 -0.009335595 -0.916823203 0.399027903
1621218875.000000000 209325.585467911 2468649.697430410 2.676000000 -0.010269984 -0.009738029 -0.911841401 0.410298620
1621218876.000000000 209318.227973121 2468643.823057398 2.690000000 -0.012385609 -0.006326687 -0.907174439 0.420524800
1621218877.000000000 209310.511959949 2468637.864576328 2.696000000 -0.005001485 0.001807632 -0.906208639 0.422797375
1621218878.000000000 209302.642823711 2468631.699317712 2.695000000 -0.001547522 0.008079037 -0.909216046 0.416243338
1621218879.000000000 209294.788421183 2468625.188689901 2.695000000 -0.012424218 -0.003294582 -0.914507460 0.404364797
1621218880.000000000 209286.853584688 2468618.513331848 2.724000000 -0.004026926 0.006911629 -0.914741634 0.403960092
1621218881.000000000 209278.947737990 2468611.826044502 2.738000000 -0.004577919 0.007643944 -0.915638938 0.401902909
1621218882.000000000 209271.301586527 2468605.193318125 2.722000000 -0.004348109 0.005572905 -0.918707751 0.394874798
1621218883.000000000 209263.872234156 2468598.695687122 2.712000000 -0.005823337 0.000657966 -0.916387306 0.400249873
1621218884.000000000 209256.593513907 2468592.471380838 2.724000000 -0.009204470 -0.002811999 -0.915848612 0.401408384
1621218885.000000000 209249.577399950 2468586.365304696 2.723000000 -0.007707046 -0.002844190 -0.919190556 0.393727360
1621218886.000000000 209242.881212838 2468580.317587452 2.729000000 -0.006506113 -0.000094384 -0.925142542 0.379564143
1621218887.000000000 209236.673620848 2468574.033850313 2.713000000 -0.003114277 -0.000153466 -0.937046866 0.349189703
1621218888.000000000 209230.698611231 2468567.350488636 2.636000000 -0.003081248 -0.000869525 -0.941540222 0.336885381
1621218889.000000000 209224.579713685 2468560.555916392 2.564000000 -0.007039662 -0.009018600 -0.937186506 0.348641021
1621218890.000000000 209218.200458675 2468553.932453480 2.549000000 -0.010569091 -0.011960654 -0.931096270 0.364424166
1621218891.000000000 209211.579933564 2468547.581640700 2.543000000 -0.010418385 -0.011220470 -0.921382928 0.388354296
1621218892.000000000 209204.567046981 2468541.542938455 2.552000000 -0.009683692 -0.011204796 -0.913513432 0.406538914
1621218893.000000000 209197.352472397 2468535.595748009 2.555000000 -0.006041633 -0.004630953 -0.913129144 0.407599336
1621218894.000000000 209190.135785262 2468529.535927531 2.577000000 -0.007748287 -0.012342222 -0.913750835 0.406013602
1621218895.000000000 209182.790536418 2468523.495138445 2.596000000 -0.015105200 -0.028802583 -0.907294061 0.419237083
1621218896.000000000 209175.109896206 2468517.825733612 2.642000000 -0.005148355 -0.009666669 -0.899244248 0.437309768
1621218897.000000000 209167.376287530 2468512.204115626 2.604000000 -0.006000031 -0.002474857 -0.901129012 0.433502456
1621218898.000000000 209159.736909930 2468506.321530184 2.583000000 -0.000638495 -0.001382977 -0.911412591 0.411490910
1621218899.000000000 209152.265822025 2468500.032826731 2.534000000 -0.002862627 0.000793176 -0.916687625 0.399593512
1621218900.000000000 209144.765231970 2468493.453762015 2.433000000 0.000962503 -0.007516991 -0.919825259 0.392255098
1621218901.000000000 209137.264931065 2468486.676132958 2.391000000 -0.003839135 -0.003474940 -0.921380126 0.388628162
1621218902.000000000 209129.618244300 2468479.868305856 2.367000000 -0.000214421 0.000147850 -0.919712997 0.392591308
1621218903.000000000 209121.932835735 2468473.027650781 2.306000000 -0.014017552 -0.002897785 -0.919700058 0.392360695
1621218904.000000000 209114.231225731 2468466.270728548 2.356000000 0.001541107 0.007739764 -0.919190041 0.393735178
1621218905.000000000 209106.672102563 2468459.688463531 2.359000000 0.000561129 0.009300858 -0.917177439 0.398370084
1621218906.000000000 209099.225609492 2468453.338673927 2.394000000 0.000226733 0.011502114 -0.914573278 0.404256562
1621218907.000000000 209091.899655061 2468447.490886319 2.394000000 0.002574213 0.014413037 -0.901368969 0.432804366
1621218908.000000000 209084.516481247 2468442.642522653 2.444000000 0.001633914 0.006767820 -0.874443895 0.485076697
1621218909.000000000 209076.985570143 2468439.222569808 2.420000000 0.004906368 0.019724118 -0.830675146 0.556386277
1621218910.000000000 209069.280432781 2468437.162566015 2.399000000 0.008321172 0.013994357 -0.781667860 0.623482375
1621218911.000000000 209061.615437446 2468436.451727476 2.330000000 0.009529362 0.015612733 -0.726803259 0.686602109
1621218912.000000000 209054.470575851 2468436.807087068 2.316000000 0.011514792 0.009717241 -0.687505783 0.726022578
1621218913.000000000 209048.293887894 2468437.524215227 2.300000000 0.010886182 0.009832468 -0.674155253 0.738443978
1621218914.000000000 209043.317734725 2468438.191479403 2.289000000 0.008019177 0.009566315 -0.671688911 0.740728145
1621218915.000000000 209039.981705441 2468438.647958845 2.310000000 0.005935366 0.013013020 -0.671702020 0.740683353
1621218916.000000000 209038.411983388 2468438.854964847 2.326000000 0.005228430 0.014085780 -0.671686759 0.740682896
1621218917.000000000 209038.136375102 2468438.884442929 2.368000000 0.006468128 0.013100971 -0.671660628 0.740714877
1621218918.000000000 209038.140000036 2468438.879141672 2.400000000 0.006531788 0.012977372 -0.671682705 0.740696475
1621218919.000000000 209038.142204626 2468438.874482694 2.439000000 0.006523907 0.012962678 -0.671691651 0.740688688
1621218920.000000000 209038.143842230 2468438.870142174 2.508000000 0.006511566 0.012928054 -0.671686268 0.740694284
1621218921.000000000 209038.144609196 2468438.865202253 2.652000000 0.006560993 0.012964949 -0.671670662 0.740707355
1621218922.000000000 209038.144161558 2468438.856590889 2.968000000 0.006535676 0.012947497 -0.671675299 0.740703679
1621218923.000000000 209038.142040162 2468438.835081236 3.084000000 0.006524076 0.012961175 -0.671668307 0.740709882
1621218924.000000000 209038.142034402 2468438.834773497 3.085000000 0.006503288 0.012951384 -0.671658203 0.740719398
1621218925.000000000 209038.142034402 2468438.834773497 3.085000000 0.006546941 0.012981892 -0.671645422 0.740730069
1621218926.000000000 209038.142034402 2468438.834773497 3.085000000 0.006530199 0.012980790 -0.671644377 0.740731183
1621218927.000000000 209038.142034402 2468438.834773497 3.084000000 0.006499894 0.012958953 -0.671640950 0.740734940
1621218928.000000000 209038.142034402 2468438.834773497 3.084000000 0.006516722 0.012957262 -0.671629601 0.740745112
1621218929.000000000 209038.142034402 2468438.834773497 3.084000000 0.006500251 0.012949737 -0.671623675 0.740750761
1621218930.000000000 209038.142034402 2468438.834773497 3.084000000 0.006513934 0.012958720 -0.671613350 0.740759845
1621218931.000000000 209038.142034402 2468438.834773497 3.084000000 0.006513609 0.012946938 -0.671607458 0.740765396
1621218932.000000000 209038.142034402 2468438.834773497 3.084000000 0.006507193 0.012945313 -0.671599565 0.740772637
1621218933.000000000 209038.142034402 2468438.834773497 3.084000000 0.006513355 0.012944827 -0.671594125 0.740777523
1621218934.000000000 209038.142034402 2468438.834773497 3.084000000 0.006526556 0.012950864 -0.671588856 0.740782078
1621218935.000000000 209038.142034402 2468438.834773497 3.084000000 0.006513258 0.012929854 -0.671584625 0.740786398
1621218936.000000000 209038.142034402 2468438.834773497 3.084000000 0.006528047 0.012956713 -0.671576817 0.740792877
1621218937.000000000 209038.142034402 2468438.834773497 3.084000000 0.006533092 0.012954611 -0.671566111 0.740802575
1621218938.000000000 209038.142034402 2468438.834773497 3.084000000 0.006542373 0.012945147 -0.671563764 0.740804786
1621218939.000000000 209038.142028643 2468438.834465756 3.085000000 0.006536181 0.012940274 -0.671558302 0.740809878
1621218940.000000000 209038.142028643 2468438.834465756 3.085000000 0.006538745 0.012945642 -0.671550272 0.740817041
1621218941.000000000 209038.142028643 2468438.834465756 3.085000000 0.006511056 0.012917116 -0.671540483 0.740826656
1621218942.000000000 209038.142028643 2468438.834465756 3.086000000 0.006555901 0.012980794 -0.671531748 0.740833066
1621218943.000000000 209038.142028643 2468438.834465756 3.087000000 0.006539205 0.012939368 -0.671525308 0.740839775
1621218944.000000000 209038.142028643 2468438.834465756 3.088000000 0.006551948 0.012966004 -0.671512688 0.740850636
1621218945.000000000 209038.142028643 2468438.834465756 3.089000000 0.006548776 0.012972943 -0.671511041 0.740852036
1621218946.000000000 209038.142028643 2468438.834465756 3.090000000 0.006554697 0.012956481 -0.671507271 0.740855688
1621218947.000000000 209038.142028643 2468438.834465756 3.091000000 0.006564411 0.012973160 -0.671492467 0.740868728
1621218948.000000000 209038.142022883 2468438.834158016 3.093000000 0.006564660 0.013001074 -0.671501094 0.740860417
1621218949.000000000 209038.142022883 2468438.834158016 3.094000000 0.006553566 0.012976777 -0.671493183 0.740868112
1621218950.000000000 209038.142022883 2468438.834158016 3.096000000 0.006555765 0.013002836 -0.671480873 0.740878792
1621218951.000000000 209038.142022883 2468438.834158016 3.099000000 0.006564382 0.012977042 -0.671473091 0.740886221
1621218952.000000000 209038.142017124 2468438.833850276 3.101000000 0.006557935 0.012988491 -0.671470916 0.740888049
1621218953.000000000 209038.142017124 2468438.833850276 3.104000000 0.006548969 0.012986791 -0.671468878 0.740890006
1621218954.000000000 209038.142017124 2468438.833850276 3.108000000 0.006580871 0.012995123 -0.671449550 0.740907093
1621218955.000000000 209038.142011364 2468438.833542536 3.111000000 0.006565362 0.012986722 -0.671454643 0.740902762
1621218956.000000000 209038.142011364 2468438.833542536 3.116000000 0.006584309 0.012978055 -0.671452203 0.740904958
1621218957.000000000 209038.142005605 2468438.833234796 3.121000000 0.006568189 0.012977785 -0.671434542 0.740921110
1621218958.000000000 209038.141999845 2468438.832927055 3.126000000 0.006596820 0.012976695 -0.671429880 0.740925100
1621218959.000000000 209038.141999845 2468438.832927055 3.132000000 0.006578548 0.012990867 -0.671425473 0.740929007
1621218960.000000000 209038.141994086 2468438.832619315 3.140000000 0.006590131 0.012960957 -0.671412652 0.740941046
1621218961.000000000 209038.141988327 2468438.832311575 3.148000000 0.006591585 0.012970048 -0.671407664 0.740945394
1621218962.000000000 209038.141982567 2468438.832003835 3.157000000 0.006600570 0.012965097 -0.671410309 0.740943004
1621218963.000000000 209038.141971048 2468438.831388354 3.168000000 0.006580060 0.012975188 -0.671412947 0.740940620
1621218964.000000000 209038.141953770 2468438.830465134 3.193000000 0.006617898 0.012956401 -0.671403275 0.740949376
1621218965.000000000 209038.141185202 2468438.820012689 3.285000000 0.006606402 0.012952115 -0.671403028 0.740949777
1621218966.000000000 209038.100124476 2468438.814932043 3.343000000 0.006444904 0.012976653 -0.671366338 0.740984015
1621218967.000000000 209037.835627130 2468438.841123706 3.371000000 0.006678962 0.011753864 -0.671349655 0.741017462
1621218968.000000000 209037.172023191 2468438.925887560 3.378000000 0.005889848 0.012087895 -0.671340358 0.741027203
1621218969.000000000 209035.844513274 2468439.109889860 3.375000000 0.008208682 0.010204335 -0.671777957 0.740636798
1621218970.000000000 209035.184730103 2468439.199815708 3.360000000 0.005929600 0.011736286 -0.671796612 0.740618938
1621218971.000000000 209034.264397062 2468439.327865502 3.341000000 0.004628610 0.013083749 -0.671530075 0.740847319
1621218972.000000000 209032.104320834 2468439.630271326 3.322000000 0.005285450 0.014649064 -0.672898844 0.739570561
1621218973.000000000 209028.459811816 2468440.043578913 3.302000000 0.009110407 0.016992606 -0.688451754 0.725025816
1621218974.000000000 209023.260890973 2468440.395164971 3.263000000 0.011021332 0.016670059 -0.699654892 0.714201423
1621218975.000000000 209017.225747068 2468440.731003596 3.247000000 0.010648166 0.010637031 -0.700998325 0.713004080
1621218976.000000000 209011.324926698 2468441.095730942 3.199000000 0.003053461 0.007941427 -0.695539219 0.718437753
1621218977.000000000 209005.502224244 2468441.578135571 3.159000000 -0.007658487 0.005430542 -0.683075436 0.730287481
1621218978.000000000 208999.511601985 2468442.364145195 3.168000000 -0.011786945 -0.004008648 -0.664780024 0.746935418
1621218979.000000000 208993.450164473 2468443.728697829 3.205000000 -0.012997299 -0.005935689 -0.609855350 0.792383928
1621218980.000000000 208987.767563118 2468446.675889084 3.274000000 -0.003079699 0.009969387 -0.480997888 0.876659660
1621218981.000000000 208982.891246183 2468451.314391781 3.310000000 -0.016269520 0.003287901 -0.352294810 0.935741876
1621218982.000000000 208979.422586207 2468457.479331857 3.284000000 -0.016685312 -0.004151088 -0.203143199 0.978998064
1621218983.000000000 208977.959711223 2468464.572445384 3.222000000 -0.019034885 0.004158738 -0.055844731 0.998249340
1621218984.000000000 208978.173409653 2468472.055310866 3.207000000 -0.014332795 0.002328702 0.031091962 0.999411046
1621218985.000000000 208979.194694563 2468479.891245130 3.175000000 -0.015412515 0.006126444 0.055211779 0.998336907
1621218986.000000000 208980.493103073 2468488.375553324 3.154000000 -0.016373890 0.006431544 0.061591467 0.997946402
1621218987.000000000 208981.986922502 2468497.519924060 3.132000000 -0.012401816 0.007090375 0.063884362 0.997855055
1621218988.000000000 208983.620403743 2468507.238587772 3.107000000 -0.013660116 0.006791053 0.067535319 0.997600252
1621218989.000000000 208985.427411944 2468517.152257371 3.101000000 -0.006962209 0.004714265 0.078665542 0.996865606
1621218990.000000000 208987.485458907 2468526.703508236 3.071000000 -0.008606026 0.002696403 0.096994034 0.995244102
1621218991.000000000 208989.747637076 2468536.003428106 3.048000000 -0.005906505 0.006914147 0.105492474 0.994378522
1621218992.000000000 208992.184736934 2468545.695350625 3.025000000 -0.003448582 0.006382222 0.099608178 0.995000294
1621218993.000000000 208994.435875434 2468556.119738559 3.029000000 -0.001108576 0.006368635 0.080657766 0.996720892
1621218994.000000000 208996.617035902 2468566.983812167 3.001000000 -0.002787589 0.005333214 0.080685195 0.996721468
1621218995.000000000 208998.635231510 2468577.681619925 2.980000000 -0.005010551 0.002250551 0.072641857 0.997342965
1621218996.000000000 209000.380105113 2468587.612768881 2.960000000 -0.004901004 0.002105945 0.069521072 0.997566221
1621218997.000000000 209001.864979422 2468596.035095735 2.932000000 -0.003579434 0.004089156 0.073263899 0.997297783
1621218998.000000000 209003.104725558 2468602.916613750 2.914000000 -0.003140595 0.003040638 0.070200727 0.997523308
1621218999.000000000 209004.064599486 2468609.354836026 2.884000000 -0.007490992 0.004542232 0.056610590 0.998357899
1621219000.000000000 209004.978972981 2468615.566102445 2.872000000 -0.005449508 0.005556238 0.060403296 0.998143714
1621219001.000000000 209005.988488400 2468621.978151958 2.845000000 -0.004967852 0.004829578 0.065075414 0.997856295
1621219002.000000000 209007.144179852 2468629.098286460 2.830000000 -0.001861579 0.006162211 0.064400968 0.997903341
1621219003.000000000 209008.347409144 2468636.600186290 2.833000000 -0.003965651 0.006305741 0.064693838 0.997877356
1621219004.000000000 209009.563190993 2468643.930995475 2.833000000 -0.000469681 0.004123955 0.068306867 0.997655724
1621219005.000000000 209010.883969193 2468651.285082805 2.849000000 -0.002694418 0.005652546 0.076069720 0.997082838
1621219006.000000000 209012.253013872 2468658.769102097 2.851000000 -0.003513092 0.006232054 0.075890916 0.997090462
1621219007.000000000 209013.604213100 2468666.110921791 2.856000000 -0.004002980 0.004177409 0.074232564 0.997224173
1621219008.000000000 209014.941458659 2468673.656182436 2.873000000 -0.000803699 0.002135967 0.065698965 0.997836879
1621219009.000000000 209016.218068349 2468681.313711286 2.886000000 0.000532793 0.004633563 0.069237738 0.997589285
1621219010.000000000 209017.490998894 2468688.851248267 2.905000000 -0.003992625 0.006859609 0.066800590 0.997734777
1621219011.000000000 209018.851690076 2468696.715616401 2.951000000 -0.005500665 0.009212604 0.072926428 0.997279603
1621219012.000000000 209020.479614523 2468704.853276962 2.967000000 -0.009070979 0.004578342 0.090339647 0.995859179
1621219013.000000000 209022.453485091 2468713.337255816 2.976000000 -0.015646488 0.006183348 0.108137206 0.993993611
1621219014.000000000 209024.943550770 2468722.202847207 2.992000000 -0.013163418 0.007013240 0.124972920 0.992048037
1621219015.000000000 209027.782959643 2468731.489192689 2.991000000 -0.012060944 0.009005209 0.134282937 0.990828710
1621219016.000000000 209030.838433320 2468741.070106613 3.034000000 -0.009193281 0.002889636 0.135266744 0.990762354
1621219017.000000000 209033.810621383 2468750.425695693 3.029000000 -0.009854746 0.002975347 0.133943606 0.990935488
1621219018.000000000 209036.653077474 2468759.416142736 3.040000000 -0.006169960 0.003203973 0.134799959 0.990848443
1621219019.000000000 209039.409464624 2468768.124365098 3.070000000 -0.003134206 0.004033205 0.133231761 0.991071747
1621219020.000000000 209042.030778184 2468776.319778292 3.070000000 -0.015910816 0.005024588 0.147337255 0.988945566
1621219021.000000000 209044.628931828 2468783.476945828 3.093000000 -0.013655163 0.006758898 0.156605203 0.987543753
1621219022.000000000 209046.542366521 2468789.054431964 3.141000000 -0.015598395 0.003524741 0.139074171 0.990152837
1621219023.000000000 209047.706878158 2468792.713574096 3.180000000 -0.015230724 0.003047573 0.134562592 0.990783350
1621219024.000000000 209048.349646304 2468794.761046410 3.214000000 -0.015360037 0.005866946 0.134787579 0.990738087
1621219025.000000000 209048.613335830 2468795.594996689 3.255000000 -0.014926747 0.006373006 0.134975276 0.990716030
1621219026.000000000 209048.646519715 2468795.699659596 3.300000000 -0.014738142 0.007175294 0.134976219 0.990713239
1621219027.000000000 209048.650769125 2468795.697117273 3.350000000 -0.014747059 0.007189397 0.134977274 0.990712861
1621219028.000000000 209048.661037982 2468795.694770128 3.420000000 -0.014748067 0.007171882 0.134981183 0.990712440
1621219029.000000000 209048.673030798 2468795.692698562 3.520000000 -0.014757695 0.007182392 0.134978777 0.990712548
1621219030.000000000 209048.672990477 2468795.690544380 3.522000000 -0.014750961 0.007168508 0.134988608 0.990711410
1621219031.000000000 209048.673242282 2468795.688692579 3.520000000 -0.014758626 0.007180787 0.134987322 0.990711382
1621219032.000000000 209048.673219242 2468795.687461617 3.518000000 -0.014762335 0.007181054 0.134984970 0.990711645
1621219033.000000000 209048.673201961 2468795.686538397 3.516000000 -0.014752903 0.007191772 0.134984488 0.990711774
1621219034.000000000 209048.673201961 2468795.686538397 3.514000000 -0.014760117 0.007179691 0.134991297 0.990710826
1621219035.000000000 209048.673225002 2468795.687769358 3.512000000 -0.014743736 0.007164609 0.134995795 0.990710566
1621219036.000000000 209048.673522887 2468795.688379478 3.511000000 -0.014778562 0.007154205 0.134995007 0.990710230
1621219037.000000000 209048.676678674 2468795.688628258 3.513000000 -0.014749354 0.007155521 0.134998200 0.990710220
1621219038.000000000 209048.685538743 2468795.687538874 3.539000000 -0.014747573 0.007148220 0.134998680 0.990710234
1621219039.000000000 209048.697239431 2468795.685164929 3.561000000 -0.014764004 0.007122853 0.134998583 0.990710186
1621219040.000000000 209048.715720745 2468795.677738497 3.572000000 -0.014736094 0.007134992 0.135001586 0.990710105
1621219041.000000000 209048.771386020 2468795.743807449 3.571000000 -0.014505156 0.007595202 0.134955847 0.990716323
1621219042.000000000 209049.065323376 2468796.433734373 3.564000000 -0.013355615 0.009041442 0.135306547 0.990672508
1621219043.000000000 209049.761309261 2468798.477747817 3.558000000 -0.013658759 0.006859342 0.132815714 0.991022893
1621219044.000000000 209050.810542738 2468801.732688350 3.545000000 -0.009694033 0.007242335 0.128957334 0.991576311
1621219045.000000000 209052.174896497 2468806.089983592 3.530000000 -0.002998622 0.007605194 0.126086960 0.991985508
1621219046.000000000 209053.763680277 2468811.357078949 3.525000000 -0.009126175 0.006655678 0.128040896 0.991704565
1621219047.000000000 209055.585964593 2468817.146223986 3.513000000 -0.005766475 0.006827390 0.130372361 0.991424824
1621219048.000000000 209057.635546052 2468823.615768740 3.508000000 -0.012565880 0.005392658 0.139935948 0.990066133
1621219049.000000000 209060.101314329 2468830.740936244 3.465000000 -0.008623861 0.004242714 0.143532321 0.989598960
1621219050.000000000 209062.739705981 2468838.441627188 3.425000000 -0.005058743 0.005895212 0.143251113 0.989655887
1621219051.000000000 209065.541144669 2468846.665378835 3.383000000 -0.004399810 0.005577941 0.142582624 0.989757406
1621219052.000000000 209068.530334730 2468855.385253900 3.347000000 -0.001317904 0.006325975 0.143991588 0.989557814
1621219053.000000000 209071.711613962 2468864.572849223 3.326000000 -0.003908042 0.005226968 0.149601062 0.988724900
1621219054.000000000 209075.204558163 2468874.081546090 3.312000000 -0.000306340 0.005265803 0.154953369 0.987907704
1621219055.000000000 209078.608196460 2468883.839116732 3.304000000 -0.001575712 0.003179840 0.140676256 0.990049290
1621219056.000000000 209081.916215779 2468893.829671164 3.300000000 -0.002363080 0.004261978 0.140340880 0.990091253
1621219057.000000000 209085.302415756 2468903.773201123 3.280000000 -0.001994630 0.005263952 0.145666369 0.989317755
1621219058.000000000 209088.724407200 2468913.547668654 3.281000000 -0.001165297 0.004003556 0.146724847 0.989168556
1621219059.000000000 209092.062838005 2468923.250432591 3.276000000 -0.001938460 0.001903566 0.143857380 0.989594701
1621219060.000000000 209095.342172732 2468932.857022888 3.278000000 -0.001571521 0.002788800 0.143003906 0.989716947
1621219061.000000000 209098.537216835 2468942.199826064 3.273000000 -0.001732500 0.004341604 0.144917133 0.989432753
1621219062.000000000 209101.568923277 2468951.065443627 3.274000000 -0.004175210 0.002252374 0.142288493 0.989813861
1621219063.000000000 209104.343640084 2468959.179488645 3.279000000 -0.005942162 0.005439863 0.146244505 0.989215671
1621219064.000000000 209106.930309941 2468966.460322464 3.279000000 -0.006957645 0.005779368 0.149663290 0.988695651
1621219065.000000000 209109.222579636 2468973.087563751 3.285000000 -0.010216782 0.006864476 0.141987454 0.989791927
1621219066.000000000 209111.190988529 2468978.895218062 3.315000000 -0.005959941 0.006427076 0.139556008 0.990175385
1621219067.000000000 209112.784528357 2468983.591476566 3.343000000 -0.003958895 0.003134975 0.143499468 0.989637510
1621219068.000000000 209114.019294496 2468987.133247124 3.353000000 -0.006545754 0.004186452 0.146740532 0.989144501
1621219069.000000000 209114.882162367 2468989.538630513 3.377000000 -0.004769423 0.007696328 0.147391360 0.989036807
1621219070.000000000 209115.546225243 2468991.392992548 3.404000000 -0.004621322 0.004551741 0.147226411 0.989081548
1621219071.000000000 209116.045666290 2468992.777888885 3.420000000 -0.003133275 0.003438689 0.146333249 0.989224412
1621219072.000000000 209116.362677677 2468993.675489760 3.434000000 -0.004084745 0.004128975 0.145555980 0.989332969
1621219073.000000000 209116.520662140 2468994.096439714 3.447000000 -0.003113210 0.004039944 0.145353284 0.989366671
1621219074.000000000 209116.544383191 2468994.139402337 3.458000000 -0.002862974 0.004494055 0.145428155 0.989354466
1621219075.000000000 209116.549176479 2468994.135310607 3.463000000 -0.002872364 0.004413507 0.145397575 0.989359296
1621219076.000000000 209116.551000872 2468994.110340779 3.468000000 -0.002836030 0.004423164 0.145408501 0.989357751
1621219077.000000000 209116.552111765 2468994.108472901 3.490000000 -0.002861785 0.004409830 0.145397879 0.989359298
1621219078.000000000 209116.552111765 2468994.108472901 3.488000000 -0.002848811 0.004418513 0.145391457 0.989360240
1621219079.000000000 209116.552111765 2468994.108472901 3.488000000 -0.002839680 0.004444995 0.145399433 0.989358976
1621219080.000000000 209116.552111765 2468994.108472901 3.488000000 -0.002810201 0.004425900 0.145398001 0.989359356
1621219081.000000000 209116.552111765 2468994.108472901 3.488000000 -0.002828550 0.004440941 0.145387325 0.989360805
1621219082.000000000 209116.552111765 2468994.108472901 3.489000000 -0.002806600 0.004394259 0.145389057 0.989360822
1621219083.000000000 209116.552678729 2468994.108154443 3.493000000 -0.002827487 0.004408117 0.145381346 0.989361834
1621219084.000000000 209116.554231487 2468994.114590190 3.490000000 -0.002729115 0.004753656 0.145387367 0.989359625
1621219085.000000000 209116.566813206 2468994.159300525 3.495000000 -0.002740257 0.004750919 0.145335541 0.989367222
1621219086.000000000 209116.643096038 2468994.393376577 3.495000000 -0.002759615 0.004445418 0.145549079 0.989337197
1621219087.000000000 209116.699832305 2468994.577947074 3.487000000 -0.003093449 0.004708848 0.145820953 0.989294955
1621219088.000000000 209116.749876968 2468994.741709142 3.475000000 -0.003104886 0.004913875 0.145916581 0.989279821
1621219089.000000000 209116.846434582 2468995.033589016 3.457000000 -0.002928778 0.005634432 0.146260811 0.989225682
1621219090.000000000 209117.063134233 2468995.668317989 3.437000000 -0.003246464 0.005476295 0.146813020 0.989143775
1621219091.000000000 209117.431391615 2468996.717344542 3.413000000 -0.001910316 0.006771297 0.147608871 0.989020789
1621219092.000000000 209118.102767605 2468998.625750998 3.391000000 -0.003140214 0.005197879 0.150472905 0.988595481
1621219093.000000000 209119.141779601 2469001.504078744 3.363000000 -0.002880363 0.007696294 0.154132308 0.988016043
1621219094.000000000 209120.575701436 2469005.416773302 3.350000000 -0.003967345 0.008166475 0.156013724 0.987713160
1621219095.000000000 209122.400929267 2469010.354974577 3.330000000 -0.003430589 0.005592995 0.156894099 0.987593637
1621219096.000000000 209124.596101173 2469016.110977206 3.302000000 -0.000778801 0.008363519 0.165064488 0.986247008
1621219097.000000000 209127.151333361 2469022.539354162 3.299000000 -0.000925542 0.006109697 0.173859903 0.984751009
1621219098.000000000 209130.070208386 2469029.510126664 3.283000000 0.000109439 0.009070224 0.179885594 0.983645715
1621219099.000000000 209133.235233871 2469036.883267871 3.298000000 -0.000409383 0.008208655 0.184120386 0.982869337
1621219100.000000000 209136.599798682 2469044.525428454 3.317000000 -0.002197200 0.007821825 0.190045164 0.981741731
1621219101.000000000 209140.079723906 2469052.163275628 3.284000000 -0.000610037 0.005401201 0.196137761 0.980561285
1621219102.000000000 209143.731005657 2469059.696942369 3.315000000 -0.000320779 0.001101534 0.212519760 0.977156096
1621219103.000000000 209147.656089501 2469066.875770552 3.346000000 0.004387483 -0.001701680 0.245594786 0.969361158
1621219104.000000000 209151.893102855 2469073.379808608 3.387000000 0.013322960 0.002785295 0.279814662 0.959957549
1621219105.000000000 209156.160625771 2469078.804885354 3.377000000 0.004858342 0.000067122 0.352927904 0.935637903
1621219106.000000000 209161.393739663 2469082.450696308 3.365000000 0.001824746 -0.001557699 0.519679474 0.854357939
1621219107.000000000 209167.525008307 2469083.821022327 3.335000000 0.001333571 -0.001000209 0.672800266 0.739822291
1621219108.000000000 209174.230773690 2469082.994573146 3.257000000 0.000494166 -0.003632285 0.774454009 0.632619594
1621219109.000000000 209181.536969167 2469080.515139580 3.077000000 -0.008803457 -0.001416987 0.818773562 0.574047337
1621219110.000000000 209189.657840744 2469076.947616802 2.970000000 0.003276228 0.010281944 0.830804038 0.556460420
1621219111.000000000 209198.580695938 2469072.777104110 2.969000000 -0.006026654 0.012904036 0.837096194 0.546870302
1621219112.000000000 209208.017331766 2469068.186007744 2.965000000 0.000414871 0.011826516 0.834135581 0.551432492
1621219113.000000000 209218.087204253 2469063.603080699 2.988000000 -0.000910978 0.012521196 0.829531262 0.558319152
1621219114.000000000 209228.412512395 2469058.862074036 3.009000000 0.002220090 0.012281784 0.833911344 0.551757282
1621219115.000000000 209238.499825442 2469054.062418601 3.084000000 0.002920480 0.007994036 0.834756216 0.550553926
1621219116.000000000 209248.500861748 2469049.305636082 3.133000000 0.004296494 0.008295530 0.835510441 0.549395146
1621219117.000000000 209258.651909223 2469044.528199492 3.226000000 0.004903938 0.019927195 0.832189469 0.554111493
1621219118.000000000 209268.996438888 2469039.802871570 3.500000000 0.012255242 0.016895438 0.827101214 0.561665323
1621219119.000000000 209279.599495258 2469035.436899301 3.910000000 0.013493201 0.019117523 0.813208714 0.581501541
1621219120.000000000 209290.429013869 2469031.584498787 4.410000000 0.015869065 0.029424697 0.799471280 0.599773317
1621219121.000000000 209301.369908188 2469028.157623565 4.951000000 0.008203531 0.025839286 0.789043421 0.613738962
1621219122.000000000 209312.320444041 2469025.276697723 5.423000000 0.005290616 0.030819679 0.773472982 0.633057425
1621219123.000000000 209323.193487488 2469022.831909928 5.749000000 0.007750782 0.012933277 0.760880245 0.648717125
1621219124.000000000 209333.939820551 2469020.918073780 5.792000000 -0.005580274 0.011493028 0.749068434 0.662369422
1621219125.000000000 209344.189651957 2469019.475609125 5.710000000 -0.011202237 0.004696264 0.735042431 0.677912295
1621219126.000000000 209353.760763951 2469018.579650726 5.463000000 -0.019925674 0.003282602 0.720345666 0.693321220
1621219127.000000000 209362.786282384 2469018.134122236 5.132000000 -0.034657630 0.007854916 0.707569763 0.705749374
1621219128.000000000 209371.142178868 2469017.894448242 4.726000000 -0.042111756 0.004784234 0.704991825 0.707947906
1621219129.000000000 209378.637086752 2469017.507718698 4.310000000 -0.037688484 0.003509411 0.725228807 0.687466683
1621219130.000000000 209385.433720012 2469016.284698426 3.965000000 -0.025303121 -0.007672413 0.774057702 0.632562693
1621219131.000000000 209392.043586486 2469013.912901064 3.595000000 -0.006949427 -0.029777744 0.822123637 0.568487219
1621219132.000000000 209398.519879631 2469010.494768680 3.096000000 -0.004710141 -0.047751239 0.859523750 0.508838439
1621219133.000000000 209404.474197337 2469005.771890907 2.627000000 -0.002931580 -0.043308543 0.915247849 0.400546065
1621219134.000000000 209408.958948463 2468999.439051921 2.284000000 -0.000503588 -0.038612388 0.965783414 0.256459016
1621219135.000000000 209411.367713499 2468992.079568115 2.120000000 0.009670684 -0.033423153 0.992358498 0.118380666
1621219136.000000000 209412.259714238 2468984.615452210 2.190000000 0.021467436 -0.034169283 0.997566150 0.056862863
1621219137.000000000 209412.661501270 2468977.591487508 2.453000000 0.027776090 -0.026256338 0.998503048 0.039124887
1621219138.000000000 209412.894376313 2468971.185759513 2.762000000 0.021156210 -0.011324354 0.999211869 0.031619831
1621219139.000000000 209413.069861016 2468965.341694251 2.920000000 0.007574975 -0.001341057 0.999477467 0.031394504
1621219140.000000000 209413.176069713 2468960.312256435 2.951000000 0.007501862 0.002128179 0.999510621 0.030293741
1621219141.000000000 209413.297259664 2468956.344611313 2.997000000 0.008875911 0.005497933 0.999328123 0.035132511
1621219142.000000000 209413.299259851 2468953.525001695 3.032000000 0.008364890 0.005488299 0.999864384 0.013081327
1621219143.000000000 209413.199521739 2468951.928831701 3.043000000 -0.006932548 -0.004814725 -0.999959072 0.003257590
1621219144.000000000 209413.138876813 2468951.197904924 3.045000000 -0.006965441 -0.004940103 -0.999913019 0.010051539
1621219145.000000000 209413.111163764 2468950.941370649 3.037000000 -0.006507961 -0.005397531 -0.999891333 0.012076219
1621219146.000000000 209413.100820193 2468950.939716944 3.025000000 -0.006910410 -0.005432110 -0.999888329 0.012085861
1621219147.000000000 209413.092160279 2468950.936184680 3.011000000 -0.006950778 -0.005470161 -0.999887831 0.012086719
1621219148.000000000 209413.084376711 2468950.933559573 2.996000000 -0.006969294 -0.005463796 -0.999887756 0.012085158
1621219149.000000000 209413.077744348 2468950.931220792 2.980000000 -0.006956127 -0.005474095 -0.999887772 0.012086762
1621219150.000000000 209413.068976957 2468950.875972212 2.963000000 -0.007406513 -0.005578665 -0.999878114 0.012560995
1621219151.000000000 209413.035140737 2468950.475787785 2.950000000 -0.008028272 -0.005601455 -0.999826516 0.015846423
1621219152.000000000 209412.921829772 2468949.226199609 2.942000000 -0.009868869 -0.004896443 -0.999645946 0.024220081
1621219153.000000000 209412.631150751 2468946.686969317 2.947000000 -0.010442188 -0.006045278 -0.998819093 0.047062035
1621219154.000000000 209411.838439495 2468942.959907149 2.959000000 -0.007415682 -0.001976434 -0.994285334 0.106478995
1621219155.000000000 209410.095279248 2468938.177458959 2.870000000 0.006917640 -0.001452103 -0.982623932 0.185473032
1621219156.000000000 209407.080914275 2468932.619913528 2.727000000 0.001954077 -0.007370116 -0.966921895 0.254958649
1621219157.000000000 209402.964262295 2468926.818536004 2.871000000 -0.032622726 0.001782321 -0.951010180 0.307428394
1621219158.000000000 209397.953983692 2468921.177939139 3.153000000 -0.022862085 -0.003702507 -0.932008842 0.361694810
1621219159.000000000 209392.304265299 2468915.764483966 3.249000000 -0.007259667 -0.012786178 -0.922650533 0.385356725
1621219160.000000000 209386.456517204 2468910.622559987 3.227000000 -0.007448663 -0.011722437 -0.917303823 0.397945722
1621219161.000000000 209380.714341713 2468905.611653821 3.161000000 -0.005536213 -0.008024584 -0.918510672 0.395275983
1621219162.000000000 209375.085154415 2468900.714695128 3.091000000 -0.006836223 -0.013710104 -0.915924087 0.401059055
1621219163.000000000 209369.523253394 2468896.015349253 3.042000000 -0.008344992 -0.013732854 -0.914203735 0.404936169
1621219164.000000000 209364.156416744 2468891.407174564 3.043000000 -0.008760715 -0.014622814 -0.917350830 0.397714568
1621219165.000000000 209359.098018017 2468887.039819688 3.057000000 -0.009346375 -0.013975070 -0.916652216 0.399332013
1621219166.000000000 209354.653446477 2468883.220654696 3.074000000 -0.007358129 -0.014821269 -0.915707835 0.401503860
1621219167.000000000 209351.103466337 2468880.211640640 3.094000000 -0.009634175 -0.007462341 -0.916129684 0.400696765
1621219168.000000000 209348.749875199 2468878.173986946 3.132000000 -0.007787565 -0.010549363 -0.916510123 0.399796522
1621219169.000000000 209347.607498264 2468877.195768146 3.155000000 -0.008120293 -0.008415581 -0.916439485 0.400002385
1621219170.000000000 209347.369756845 2468876.982565655 3.179000000 -0.009201342 -0.008510272 -0.916237466 0.400439528
1621219171.000000000 209347.383371323 2468876.990622955 3.197000000 -0.009461423 -0.008338312 -0.916243015 0.400424390
1621219172.000000000 209347.384603096 2468876.995217631 3.187000000 -0.009470740 -0.008352419 -0.916239771 0.400431297
1621219173.000000000 209347.381785493 2468876.997733096 3.174000000 -0.009463084 -0.008357520 -0.916236577 0.400438681
1621219174.000000000 209347.382942457 2468876.998327157 3.175000000 -0.009462074 -0.008349866 -0.916235236 0.400441932
1621219175.000000000 209347.382942457 2468876.998327157 3.175000000 -0.009467635 -0.008340888 -0.916239088 0.400433174
1621219176.000000000 209347.382942457 2468876.998327157 3.175000000 -0.009473374 -0.008345357 -0.916234849 0.400442645
1621219177.000000000 209347.382942457 2468876.998327157 3.175000000 -0.009450633 -0.008357168 -0.916232019 0.400449411
1621219178.000000000 209347.382942457 2468876.998327157 3.175000000 -0.009474259 -0.008353098 -0.916230923 0.400451446
1621219179.000000000 209347.382942457 2468876.998327157 3.175000000 -0.009479975 -0.008354897 -0.916233772 0.400444754
1621219180.000000000 209347.382942457 2468876.998327157 3.175000000 -0.009466785 -0.008354557 -0.916230338 0.400452930
1621219181.000000000 209347.382942457 2468876.998327157 3.175000000 -0.009434278 -0.008348193 -0.916230163 0.400454230
1621219182.000000000 209347.382942457 2468876.998327157 3.176000000 -0.009403367 -0.008416102 -0.916225393 0.400464449
1621219183.000000000 209347.382942457 2468876.998327157 3.176000000 -0.009387896 -0.008438699 -0.916229741 0.400454389
1621219184.000000000 209347.382942457 2468876.998327157 3.176000000 -0.009380618 -0.008407415 -0.916231368 0.400451495
1621219185.000000000 209347.382942457 2468876.998327157 3.176000000 -0.009378440 -0.008417645 -0.916227593 0.400459969
1621219186.000000000 209347.382942457 2468876.998327157 3.176000000 -0.009372235 -0.008401633 -0.916223251 0.400470383
1621219187.000000000 209347.382942457 2468876.998327157 3.176000000 -0.009389709 -0.008388253 -0.916222550 0.400471859
1621219188.000000000 209347.382942457 2468876.998327157 3.176000000 -0.009414896 -0.008453179 -0.916224568 0.400465285
1621219189.000000000 209347.382942457 2468876.998327157 3.176000000 -0.009382364 -0.008388905 -0.916215302 0.400488600
1621219190.000000000 209347.382942457 2468876.998327157 3.177000000 -0.009378382 -0.008344244 -0.916214232 0.400492072
1621219191.000000000 209347.382942457 2468876.998327157 3.177000000 -0.009386200 -0.008368416 -0.916216425 0.400486369
1621219192.000000000 209347.382942457 2468876.998327157 3.177000000 -0.009430117 -0.008406616 -0.916219683 0.400477084
1621219193.000000000 209347.382942457 2468876.998327157 3.177000000 -0.009425225 -0.008397822 -0.916218405 0.400480306
1621219194.000000000 209347.382942457 2468876.998327157 3.177000000 -0.009450596 -0.008390788 -0.916216045 0.400485256
1621219195.000000000 209347.382942457 2468876.998327157 3.177000000 -0.009471067 -0.008395144 -0.916215457 0.400486025
1621219196.000000000 209347.382942457 2468876.998327157 3.177000000 -0.009462346 -0.008363497 -0.916216249 0.400485083
1621219197.000000000 209347.382942457 2468876.998327157 3.178000000 -0.009487529 -0.008373337 -0.916216604 0.400483468
1621219198.000000000 209347.382942457 2468876.998327157 3.178000000 -0.009504349 -0.008361160 -0.916215193 0.400486552
1621219199.000000000 209347.382942457 2468876.998327157 3.178000000 -0.009482838 -0.008347268 -0.916211791 0.400495135
1621219200.000000000 209347.382942457 2468876.998327157 3.178000000 -0.009483314 -0.008350087 -0.916209785 0.400499653
1621219201.000000000 209347.382942457 2468876.998327157 3.178000000 -0.009477435 -0.008328721 -0.916207464 0.400505548
1621219202.000000000 209347.382942457 2468876.998327157 3.178000000 -0.009462149 -0.008337772 -0.916205128 0.400511064
1621219203.000000000 209347.382942457 2468876.998327157 3.178000000 -0.009495597 -0.008388949 -0.916208086 0.400502438
1621219204.000000000 209347.382942457 2468876.998327157 3.178000000 -0.009502991 -0.008351940 -0.916208338 0.400502459
1621219205.000000000 209347.382942457 2468876.998327157 3.179000000 -0.009502211 -0.008383674 -0.916205538 0.400508220
1621219206.000000000 209347.382942457 2468876.998327157 3.179000000 -0.009497445 -0.008381852 -0.916203406 0.400513248
1621219207.000000000 209347.382942457 2468876.998327157 3.179000000 -0.009482783 -0.008394061 -0.916204268 0.400511368
1621219208.000000000 209347.382942457 2468876.998327157 3.179000000 -0.009478761 -0.008443334 -0.916202986 0.400513360
1621219209.000000000 209347.382942457 2468876.998327157 3.179000000 -0.009447721 -0.008412588 -0.916202531 0.400515781
1621219210.000000000 209347.382942457 2468876.998327157 3.179000000 -0.009452017 -0.008440568 -0.916203043 0.400513919
1621219211.000000000 209347.382942457 2468876.998327157 3.179000000 -0.009440252 -0.008401058 -0.916198300 0.400525879
1621219212.000000000 209347.382942457 2468876.998327157 3.179000000 -0.009459301 -0.008426393 -0.916197818 0.400525999
1621219213.000000000 209347.382942457 2468876.998327157 3.180000000 -0.009424877 -0.008425354 -0.916205880 0.400508389
1621219214.000000000 209347.382942457 2468876.998327157 3.180000000 -0.009407398 -0.008401817 -0.916196989 0.400529633
1621219215.000000000 209347.382942457 2468876.998327157 3.180000000 -0.009406708 -0.008393839 -0.916201839 0.400518722
1621219216.000000000 209347.382942457 2468876.998327157 3.180000000 -0.009418827 -0.008411491 -0.916203945 0.400513251
1621219217.000000000 209347.382942457 2468876.998327157 3.180000000 -0.009400594 -0.008417199 -0.916202024 0.400517954
1621219218.000000000 209347.382942457 2468876.998327157 3.180000000 -0.009402498 -0.008445892 -0.916198293 0.400525840
1621219219.000000000 209347.382942457 2468876.998327157 3.180000000 -0.009419642 -0.008399941 -0.916199724 0.400523130
1621219220.000000000 209347.382942457 2468876.998327157 3.181000000 -0.009412497 -0.008429277 -0.916204713 0.400511268
1621219221.000000000 209347.382942457 2468876.998327157 3.181000000 -0.009433677 -0.008413584 -0.916201452 0.400518559
1621219222.000000000 209347.382942457 2468876.998327157 3.181000000 -0.009430879 -0.008395500 -0.916202301 0.400517063
1621219223.000000000 209347.382942457 2468876.998327157 3.181000000 -0.009435253 -0.008406566 -0.916197815 0.400526990
1621219224.000000000 209347.382942457 2468876.998327157 3.181000000 -0.009423336 -0.008430776 -0.916198314 0.400525620
1621219225.000000000 209347.378400914 2468877.000567011 3.178000000 -0.009431392 -0.008441076 -0.916203233 0.400513960
1621219226.000000000 209347.377043902 2468877.004594401 3.167000000 -0.009447908 -0.008455703 -0.916196974 0.400527581
1621219227.000000000 209347.376540228 2468877.008297986 3.154000000 -0.009392001 -0.008449224 -0.916201909 0.400517743
1621219228.000000000 209347.375475335 2468877.012627762 3.141000000 -0.009441586 -0.008446346 -0.916200373 0.400520152
1621219229.000000000 209347.373843468 2468877.017275986 3.128000000 -0.009432305 -0.008486288 -0.916198537 0.400523726
1621219230.000000000 209347.371942500 2468877.022852784 3.114000000 -0.009393932 -0.008455562 -0.916204257 0.400512193
1621219231.000000000 209347.369480313 2468877.029055770 3.099000000 -0.009427351 -0.008458526 -0.916204616 0.400510524
1621219232.000000000 209347.366451154 2468877.035577206 3.075000000 -0.009397500 -0.008519684 -0.916202588 0.400514569
1621219233.000000000 209347.309008757 2468876.996939027 3.039000000 -0.010014217 -0.008366435 -0.916159639 0.400601090
1621219234.000000000 209346.841306483 2468876.603636076 2.998000000 -0.011951822 -0.008209602 -0.915796216 0.401381424
1621219235.000000000 209345.353023112 2468875.357285771 2.953000000 -0.011218307 -0.005710282 -0.915373069 0.402409849
1621219236.000000000 209343.065053576 2468873.382130076 2.926000000 -0.007175206 -0.004222112 -0.920594934 0.390430093
1621219237.000000000 209340.734880949 2468870.911821786 2.908000000 -0.006604381 0.004343034 -0.949320024 0.314211733
1621219238.000000000 209339.275424243 2468867.561104265 2.878000000 0.002137429 0.009968911 -0.995570193 0.093466805
1621219239.000000000 209339.965765229 2468863.576041188 2.817000000 0.006032229 -0.004717767 0.979483795 0.201377383
1621219240.000000000 209342.638699295 2468859.497568941 2.788000000 0.001774645 0.007928086 0.942988728 0.332725494
1621219241.000000000 209346.317696856 2468855.020709198 2.758000000 -0.002202524 0.016440601 0.933046321 0.359373647
1621219242.000000000 209350.608602047 2468849.901321789 2.724000000 0.001999225 0.017796474 0.935231300 0.353584085
1621219243.000000000 209355.176618006 2468843.975120135 2.701000000 0.000632950 0.007679180 0.942434507 0.334302002
1621219244.000000000 209360.103608742 2468837.468380912 2.651000000 0.003848987 0.009508738 0.940751947 0.338940325
1621219245.000000000 209365.551637042 2468830.468889358 2.640000000 0.002293959 0.010885551 0.938942883 0.343893160
1621219246.000000000 209371.496633559 2468822.991565043 2.633000000 0.001487560 0.011811269 0.936576593 0.350260711
1621219247.000000000 209377.891986219 2468815.117320471 2.618000000 0.003340017 0.001098819 0.934400875 0.356205897
1621219248.000000000 209384.742891865 2468806.924868081 2.597000000 0.011628395 0.002147019 0.932336213 0.361399167
1621219249.000000000 209392.013210762 2468798.396413454 2.586000000 0.003390442 0.000081081 0.931041334 0.364897976
1621219250.000000000 209399.426047494 2468789.829280849 2.564000000 0.001245104 0.005219725 0.931236296 0.364376406
1621219251.000000000 209406.419041776 2468781.559070121 2.556000000 0.001095386 0.003474078 0.932210679 0.361897749
1621219252.000000000 209412.891015318 2468773.950623715 2.546000000 -0.000451481 0.005214786 0.931614700 0.363409760
1621219253.000000000 209418.903941701 2468766.932593117 2.550000000 0.002860348 0.006496303 0.930923111 0.365146243
1621219254.000000000 209424.383107393 2468760.584567398 2.538000000 -0.001312760 0.008550774 0.930264880 0.366786606
1621219255.000000000 209428.919435391 2468755.243588966 2.537000000 0.000178486 0.008418635 0.936679756 0.350085888
1621219256.000000000 209431.929116581 2468750.450487228 2.541000000 0.002188091 0.009569170 0.971461210 0.236995276
1621219257.000000000 209433.059935657 2468745.645714158 2.573000000 0.007331585 0.005813992 0.998087807 0.061099712
1621219258.000000000 209432.381961472 2468741.068387892 2.604000000 -0.001903765 -0.005730988 -0.991808500 0.127590875
1621219259.000000000 209430.009875381 2468736.984191686 2.569000000 0.001969828 -0.010512276 -0.949427401 0.313804434
1621219260.000000000 209426.186241120 2468733.542515472 2.503000000 -0.008000150 -0.017053275 -0.908207753 0.418095516
1621219261.000000000 209421.500043720 2468729.947032401 2.458000000 -0.008827506 -0.011799635 -0.905711139 0.423639206
1621219262.000000000 209416.169663351 2468725.819626682 2.416000000 -0.010759156 -0.009078927 -0.905754841 0.423568155
1621219263.000000000 209410.258068262 2468721.264713284 2.380000000 -0.007446542 -0.005841183 -0.907414706 0.420129720
1621219264.000000000 209403.989837412 2468716.205134667 2.379000000 -0.008728994 -0.007749930 -0.911770470 0.410534229
1621219265.000000000 209397.321010672 2468710.756539934 2.369000000 -0.007652399 -0.010258160 -0.911873494 0.410271790
1621219266.000000000 209390.304759338 2468704.913009898 2.336000000 -0.008478919 -0.008018259 -0.914888300 0.403538368
1621219267.000000000 209382.987615214 2468698.650586452 2.301000000 -0.007290343 -0.005357653 -0.917366431 0.397940922
1621219268.000000000 209375.363880326 2468692.124223558 2.270000000 -0.003997423 -0.004725285 -0.915960309 0.401221142
1621219269.000000000 209367.671457825 2468685.479087409 2.222000000 -0.010967155 -0.011056462 -0.917359981 0.397753871
1621219270.000000000 209359.993522800 2468678.812441928 2.176000000 -0.009142574 -0.009762801 -0.918043698 0.396253543
1621219271.000000000 209352.462758633 2468672.295432131 2.160000000 -0.005668566 -0.012695274 -0.916706675 0.399318881
1621219272.000000000 209345.090729334 2468665.994952330 2.145000000 -0.009583892 -0.009035942 -0.915905129 0.401178634
1621219273.000000000 209337.844907600 2468659.887290623 2.145000000 -0.014506291 -0.011359603 -0.912692257 0.408232007
1621219274.000000000 209330.620343854 2468654.150805745 2.196000000 -0.004754106 -0.009570701 -0.905639330 0.423914147
1621219275.000000000 209323.449904573 2468648.811973730 2.203000000 -0.007356703 -0.001072318 -0.901795441 0.432099191
1621219276.000000000 209316.561808930 2468643.543903099 2.230000000 -0.005280103 0.001400324 -0.908678254 0.417461363
1621219277.000000000 209310.305460779 2468638.464430153 2.243000000 -0.000376919 0.007633503 -0.914382985 0.404778142
1621219278.000000000 209304.714189906 2468633.716695678 2.272000000 -0.003662618 0.008705567 -0.916088603 0.400864653
1621219279.000000000 209299.353139264 2468629.162911324 2.307000000 0.000081824 0.006984332 -0.915199407 0.402940761
1621219280.000000000 209294.213115056 2468624.847578848 2.353000000 -0.009799503 -0.004556695 -0.912029094 0.409983096
1621219281.000000000 209289.221536541 2468620.857021264 2.433000000 0.003536314 0.010422629 -0.911794140 0.410500072
1621219282.000000000 209284.552178924 2468617.001433209 2.450000000 -0.000455011 0.010070335 -0.914505321 0.404448266
1621219283.000000000 209280.187171228 2468613.259599326 2.498000000 -0.002027017 0.007771910 -0.916639254 0.399634792
1621219284.000000000 209276.061126387 2468609.719555202 2.531000000 -0.001337581 0.003972495 -0.916931559 0.399022488
1621219285.000000000 209272.177954664 2468606.360601780 2.546000000 -0.004199998 0.003384863 -0.917790012 0.397029466
1621219286.000000000 209268.524273222 2468603.202383586 2.571000000 -0.003405123 0.004342124 -0.917866501 0.396850902
1621219287.000000000 209265.243832243 2468600.349035115 2.589000000 -0.003969180 0.002013797 -0.918140396 0.396230241
1621219288.000000000 209262.615024197 2468598.057943465 2.608000000 -0.005903675 0.001150051 -0.918310519 0.395815127
1621219289.000000000 209260.761737948 2468596.443465534 2.632000000 -0.008464505 0.001320402 -0.918496113 0.395337196
1621219290.000000000 209259.568889716 2468595.402469633 2.650000000 -0.006306592 -0.001234357 -0.918676730 0.394957932
1621219291.000000000 209258.832167839 2468594.763303734 2.660000000 -0.005340418 -0.002027452 -0.918767845 0.394756908
1621219292.000000000 209258.447256482 2468594.431870356 2.662000000 -0.005252668 -0.002495377 -0.918780786 0.394725284
1621219293.000000000 209258.357690660 2468594.360585619 2.662000000 -0.005625315 -0.002476959 -0.918778619 0.394725309
1621219294.000000000 209258.208423412 2468594.237159841 2.659000000 -0.006095830 -0.002276302 -0.918792907 0.394686273
1621219295.000000000 209257.585461823 2468593.691606939 2.658000000 -0.009121405 -0.002306749 -0.918747864 0.394732621
1621219296.000000000 209255.987051508 2468592.287240140 2.658000000 -0.010893989 -0.002355265 -0.918867824 0.394408031
1621219297.000000000 209253.537594103 2468590.119936358 2.668000000 -0.010191929 -0.003862880 -0.919256763 0.393507569
1621219298.000000000 209250.285793209 2468587.235885665 2.672000000 -0.009794875 -0.003266596 -0.919647784 0.392608383
1621219299.000000000 209246.328855174 2468583.716697048 2.690000000 -0.008707869 -0.002057157 -0.920242807 0.391245597
1621219300.000000000 209241.800290537 2468579.624521791 2.714000000 -0.009545308 -0.000094293 -0.922596114 0.385649177
1621219301.000000000 209236.768369539 2468574.902978670 2.737000000 -0.005706716 -0.000075045 -0.927011880 0.374988536
1621219302.000000000 209231.347076478 2468569.473897752 2.704000000 -0.003361937 0.001722830 -0.935134744 0.354272127
1621219303.000000000 209225.692952515 2468563.282940779 2.685000000 -0.004606847 -0.003774309 -0.940495418 0.339754176
1621219304.000000000 209219.738442047 2468556.639218993 2.682000000 -0.006944130 -0.010346529 -0.938131313 0.346055441
1621219305.000000000 209213.379922944 2468550.144357864 2.707000000 -0.011347081 -0.011359017 -0.927061209 0.374566056
1621219306.000000000 209206.565855437 2468543.998807117 2.744000000 -0.011201303 -0.009221984 -0.917720988 0.396960545
1621219307.000000000 209199.471643124 2468537.916066512 2.773000000 -0.009688417 -0.008716129 -0.914754395 0.403800150
1621219308.000000000 209192.133304992 2468531.830814631 2.827000000 -0.011454008 -0.008827039 -0.911869628 0.410225146
1621219309.000000000 209184.577018401 2468525.718242129 2.871000000 -0.015782937 -0.011523695 -0.907795207 0.418958191
1621219310.000000000 209176.670003737 2468519.754459257 2.945000000 -0.009825179 -0.007921911 -0.899214921 0.437325091
1621219311.000000000 209168.452340984 2468513.876839349 2.931000000 -0.007396996 -0.006035551 -0.898392513 0.439089682
1621219312.000000000 209160.246538866 2468507.760727036 2.932000000 -0.004179154 -0.000778178 -0.907704402 0.419588665
1621219313.000000000 209152.423669463 2468501.380401342 2.900000000 -0.001738765 0.002005749 -0.914978423 0.403494038
1621219314.000000000 209144.866731465 2468494.897823623 2.833000000 0.001194527 -0.007731833 -0.916973786 0.398870740
1621219315.000000000 209137.533295121 2468488.418455569 2.792000000 -0.001430896 0.001511597 -0.921841777 0.387560841
1621219316.000000000 209130.438017533 2468481.944793299 2.796000000 0.000068828 0.001180446 -0.922863718 0.385124863
1621219317.000000000 209123.483504155 2468475.538381255 2.733000000 -0.002811301 -0.004860844 -0.923319124 0.383992531
1621219318.000000000 209116.618764475 2468469.321773199 2.788000000 -0.002470733 0.005521189 -0.920587485 0.390489557
1621219319.000000000 209109.946851284 2468463.566409650 2.822000000 0.002203225 0.009373913 -0.915136977 0.403028025
1621219320.000000000 209103.985125191 2468458.547369173 2.816000000 -0.000410507 0.009551832 -0.915207088 0.402870425
1621219321.000000000 209098.328152010 2468454.030884787 2.850000000 0.002587077 0.010697763 -0.902407375 0.430743305
1621219322.000000000 209092.496641501 2468450.015765713 2.830000000 0.005907870 0.017905559 -0.891949043 0.451742618
1621219323.000000000 209086.678509207 2468446.134004061 2.842000000 0.001522199 0.021496590 -0.891747686 0.452019518
1621219324.000000000 209081.124512408 2468442.359973861 2.889000000 0.005787908 0.018024505 -0.890824157 0.453953674
1621219325.000000000 209075.962130933 2468439.290669091 2.919000000 0.003125474 0.020337428 -0.864610091 0.502021923
1621219326.000000000 209071.212807923 2468437.474888768 2.941000000 0.012949632 0.019164927 -0.808478235 0.588071387
1621219327.000000000 209067.063132947 2468436.902368285 2.930000000 0.016312960 0.013127802 -0.740052226 0.672223364
1621219328.000000000 209063.855825422 2468436.996559512 2.899000000 0.018618938 0.010162514 -0.698610264 0.715187918
1621219329.000000000 209061.318175047 2468437.222292351 2.879000000 0.015211383 0.015150582 -0.689538104 0.723931127
1621219330.000000000 209059.220726601 2468437.396381135 2.881000000 0.017463762 0.012809560 -0.691498617 0.722053041
1621219331.000000000 209057.636217155 2468437.502072083 2.887000000 0.011336372 0.015670091 -0.694657061 0.719081012
1621219332.000000000 209056.632971991 2468437.562406369 2.895000000 0.008793739 0.018173235 -0.697234905 0.716558365
1621219333.000000000 209056.366554829 2468437.577858963 2.905000000 0.008182339 0.018621774 -0.697694447 0.716106652
1621219334.000000000 209056.370569805 2468437.578091674 2.918000000 0.008062864 0.018953141 -0.697677486 0.716115838
1621219335.000000000 209056.370564046 2468437.577783934 2.923000000 0.008059140 0.018969713 -0.697672241 0.716120552
1621219336.000000000 209056.376687295 2468437.583518452 2.912000000 0.008079332 0.018983005 -0.697663568 0.716128421
1621219337.000000000 209056.387232834 2468437.595942865 2.892000000 0.008061743 0.018969376 -0.697660644 0.716131829
1621219338.000000000 209056.391019030 2468437.599258335 2.884000000 0.008079707 0.018963799 -0.697663263 0.716129224
1621219339.000000000 209056.391311161 2468437.599560717 2.884000000 0.008067200 0.018972243 -0.697664148 0.716128279
1621219340.000000000 209056.391597534 2468437.599555357 2.883000000 0.008083977 0.018961835 -0.697660019 0.716132387
1621219341.000000000 209056.391603293 2468437.599863098 2.883000000 0.008078096 0.018976125 -0.697653725 0.716138206
1621219342.000000000 209056.391889666 2468437.599857738 2.883000000 0.008072608 0.018975629 -0.697647149 0.716144688
1621219343.000000000 209056.391895425 2468437.600165478 2.883000000 0.008082036 0.018985297 -0.697646743 0.716144721
1621219344.000000000 209056.392187556 2468437.600467860 2.882000000 0.008081651 0.018992526 -0.697644614 0.716146608
1621219345.000000000 209056.392479688 2468437.600770241 2.882000000 0.008066986 0.018984476 -0.697637957 0.716153471
1621219346.000000000 209056.392771820 2468437.601072622 2.881000000 0.008069293 0.018988521 -0.697635519 0.716155713
1621219347.000000000 209056.393063953 2468437.601375002 2.881000000 0.008052687 0.018980715 -0.697626206 0.716165179
1621219348.000000000 209056.393356084 2468437.601677383 2.880000000 0.008064473 0.018984642 -0.697627530 0.716163653
1621219349.000000000 209056.393940348 2468437.602282146 2.879000000 0.008053978 0.018985862 -0.697619905 0.716171165
1621219350.000000000 209056.394524611 2468437.602886906 2.878000000 0.008078708 0.018997926 -0.697620864 0.716169633
1621219351.000000000 209056.395114633 2468437.603799408 2.877000000 0.008075861 0.019001374 -0.697619160 0.716171234
1621219352.000000000 209056.395704655 2468437.604711911 2.876000000 0.008057681 0.018994984 -0.697617832 0.716172902
1621219353.000000000 209056.396873183 2468437.605921434 2.875000000 0.008066620 0.019009166 -0.697612647 0.716177476
1621219354.000000000 209056.398047470 2468437.607438698 2.874000000 0.008071093 0.019012674 -0.697612228 0.716177739
1621219355.000000000 209056.399513888 2468437.609258342 2.873000000 0.008068384 0.019009705 -0.697609050 0.716180945
1621219356.000000000 209056.401278196 2468437.611688108 2.872000000 0.008067461 0.019003506 -0.697603701 0.716186330
1621219357.000000000 209056.403626769 2468437.614722636 2.870000000 0.008063576 0.019022698 -0.697601750 0.716187764
1621219358.000000000 209056.406576881 2468437.619285145 2.869000000 0.008057850 0.019028329 -0.697598984 0.716190373
1621219359.000000000 209056.410684004 2468437.624441697 2.860000000 0.008049772 0.019023643 -0.697590838 0.716198523
1621219360.000000000 209056.412413759 2468437.625025022 2.835000000 0.008055963 0.019032793 -0.697597574 0.716191649
1621219361.000000000 209056.311135732 2468437.632153768 2.808000000 0.007640978 0.019497040 -0.697725706 0.716058880
1621219362.000000000 209055.798937520 2468437.663596327 2.778000000 0.006474350 0.020294553 -0.698328174 0.715460674
1621219363.000000000 209054.485460174 2468437.740203325 2.767000000 0.009176734 0.016291747 -0.699635151 0.714255572
1621219364.000000000 209052.235203337 2468437.862047991 2.742000000 0.008521589 0.012923014 -0.700472658 0.713511341
1621219365.000000000 209048.965096479 2468438.090715711 2.714000000 0.007468727 0.014839626 -0.694290552 0.719503046
1621219366.000000000 209044.662148206 2468438.466778351 2.692000000 0.008348321 0.011478617 -0.686965925 0.726551006
1621219367.000000000 209039.504485625 2468439.017687892 2.667000000 0.005300156 0.012027642 -0.681494777 0.731704936
1621219368.000000000 209033.738804382 2468439.653862121 2.663000000 0.005756015 0.013707266 -0.681474798 0.731690562
1621219369.000000000 209027.472948649 2468440.336341563 2.659000000 0.010918695 0.015379968 -0.683599663 0.729613418
1621219370.000000000 209020.867985932 2468441.007623136 2.628000000 0.010493431 0.015506213 -0.685163823 0.728148324
1621219371.000000000 209014.368286879 2468441.609210812 2.613000000 0.011862871 0.014592440 -0.689260872 0.724269138
1621219372.000000000 209008.057774262 2468442.125064783 2.591000000 0.000025840 0.005906079 -0.686813620 0.726809583
1621219373.000000000 209001.985594516 2468442.762678015 2.592000000 -0.009613312 -0.001750597 -0.675684580 0.737126087
1621219374.000000000 208996.019576875 2468443.699997608 2.621000000 -0.011546792 0.003396646 -0.655823201 0.754818564
1621219375.000000000 208990.055266471 2468445.172327547 2.668000000 -0.016362354 0.006035550 -0.599763601 0.799987168
1621219376.000000000 208984.734271711 2468448.138918424 2.770000000 -0.004854309 0.007471533 -0.462915400 0.886357684
1621219377.000000000 208980.569176256 2468452.680681956 2.782000000 -0.022631040 -0.007641696 -0.308802616 0.950826159
1621219378.000000000 208978.067572372 2468458.596633956 2.760000000 -0.013624718 -0.004617820 -0.151283710 0.988385695
1621219379.000000000 208977.379134987 2468465.358474952 2.737000000 -0.017806643 0.005154027 -0.011047649 0.999767127
1621219380.000000000 208978.295599822 2468472.537884293 2.759000000 -0.011997568 0.003949393 0.081358317 0.996604879
1621219381.000000000 208980.052755902 2468479.971847018 2.782000000 -0.012864251 0.006070214 0.099656039 0.994920267
1621219382.000000000 208981.928001102 2468487.898926831 2.795000000 -0.007084310 0.005237679 0.095927772 0.995349306
1621219383.000000000 208983.812995791 2468496.010225205 2.798000000 -0.001580821 0.007113401 0.092526812 0.995683529
1621219384.000000000 208985.503398784 2468504.117470043 2.815000000 -0.001372490 0.003285586 0.077430383 0.996991403
1621219385.000000000 208987.035706300 2468512.226750796 2.825000000 -0.004072671 0.003960841 0.074188189 0.997228077
1621219386.000000000 208988.543137866 2468520.170259262 2.812000000 0.002366399 -0.000973384 0.070326914 0.997520715
1621219387.000000000 208989.876893973 2468527.834414264 2.796000000 0.005202766 0.004134062 0.065706103 0.997816891
1621219388.000000000 208991.175172887 2468535.332687568 2.818000000 0.001305208 0.007295928 0.069044606 0.997586040
1621219389.000000000 208992.531156727 2468543.113100947 2.832000000 -0.003794019 0.003202411 0.068232496 0.997657094
1621219390.000000000 208993.949236649 2468551.425544855 2.851000000 -0.006029405 0.006265635 0.064700271 0.997866856
1621219391.000000000 208995.468433915 2468560.380422014 2.862000000 -0.001196670 0.004975425 0.062876800 0.998008177
1621219392.000000000 208997.048474578 2468569.938158216 2.877000000 -0.003996924 0.004709973 0.063390839 0.997969660
1621219393.000000000 208998.741578926 2468579.919531908 2.884000000 -0.004541957 0.004930611 0.063108914 0.997984130
1621219394.000000000 209000.447076792 2468590.119245776 2.906000000 -0.005727806 0.004938105 0.063019176 0.997983663
1621219395.000000000 209002.201928498 2468600.231530503 2.929000000 -0.006654449 0.004649170 0.068086324 0.997646408
1621219396.000000000 209003.980855035 2468610.007810189 2.924000000 -0.006591079 0.005844077 0.068891444 0.997585271
1621219397.000000000 209005.698496118 2468619.509713066 2.971000000 -0.004439875 0.004083354 0.068042789 0.997664168
1621219398.000000000 209007.346123414 2468628.791275931 2.986000000 -0.003278855 0.003941676 0.066270995 0.997788488
1621219399.000000000 209008.920020902 2468637.914137957 3.013000000 -0.004687906 0.005334919 0.065471062 0.997829195
1621219400.000000000 209010.549272853 2468646.933450423 3.035000000 -0.002303912 0.006058004 0.071089944 0.997448852
1621219401.000000000 209012.273672115 2468655.893722127 3.069000000 -0.003048936 0.003831614 0.077614222 0.996971442
1621219402.000000000 209014.039061256 2468664.962512655 3.084000000 -0.002839524 0.003691274 0.076298714 0.997074129
1621219403.000000000 209015.816147591 2468674.273668551 3.100000000 -0.000000957 0.002647756 0.072096136 0.997394173
1621219404.000000000 209017.519851713 2468683.781373787 3.120000000 -0.001096547 0.006123444 0.069108627 0.997589745
1621219405.000000000 209019.170036754 2468693.383666676 3.166000000 0.000697277 0.010551539 0.065605308 0.997789618
1621219406.000000000 209020.932959917 2468703.055577887 3.230000000 -0.013948242 0.003018560 0.083639867 0.996393852
1621219407.000000000 209023.238316450 2468712.689629214 3.234000000 -0.015447917 0.005917875 0.111022959 0.993680151
1621219408.000000000 209025.997592158 2468722.102460923 3.247000000 -0.013600196 0.006111986 0.131184362 0.991245853
1621219409.000000000 209028.888921689 2468731.254844279 3.235000000 -0.011973715 0.007838576 0.133842772 0.990899238
1621219410.000000000 209031.722311805 2468740.204516940 3.261000000 -0.010329656 0.003340674 0.132986756 0.991058354
1621219411.000000000 209034.465929847 2468748.949611955 3.238000000 -0.008768426 0.002871853 0.132554151 0.991132819
1621219412.000000000 209037.167686513 2468757.447980872 3.227000000 -0.006614560 0.005522642 0.136617913 0.990586338
1621219413.000000000 209039.798962548 2468765.593951800 3.242000000 -0.005157859 0.002607131 0.135727998 0.990729282
1621219414.000000000 209042.025837518 2468772.642933605 3.231000000 -0.009340610 0.000789034 0.134914672 0.990812879
1621219415.000000000 209043.766887118 2468778.009691915 3.217000000 -0.014936017 0.002623224 0.144707795 0.989358220
1621219416.000000000 209045.187678792 2468782.076245532 3.216000000 -0.015308543 0.004120599 0.150842560 0.988430671
1621219417.000000000 209046.243256744 2468785.088482943 3.224000000 -0.016520154 0.006015995 0.151046299 0.988370329
1621219418.000000000 209046.961350272 2468787.181030383 3.233000000 -0.017617184 0.005866657 0.147916489 0.988825530
1621219419.000000000 209047.403266626 2468788.476495215 3.240000000 -0.015914554 0.005387333 0.145798305 0.989171652
1621219420.000000000 209047.635911884 2468789.182346084 3.241000000 -0.015634626 0.005975902 0.144558544 0.989354676
1621219421.000000000 209047.695480130 2468789.380408791 3.242000000 -0.015670239 0.006760233 0.144163571 0.989406695
1621219422.000000000 209047.691447963 2468789.379252872 3.242000000 -0.015722596 0.006985486 0.144152302 0.989405941
1621219423.000000000 209047.691447963 2468789.379252872 3.242000000 -0.015729361 0.007086942 0.144152532 0.989405079
1621219424.000000000 209047.691447963 2468789.379252872 3.242000000 -0.015686667 0.007075055 0.144146457 0.989406727
1621219425.000000000 209047.691447963 2468789.379252872 3.242000000 -0.015702448 0.007084981 0.144146158 0.989406449
1621219426.000000000 209047.691447963 2468789.379252872 3.242000000 -0.015726109 0.007095685 0.144132844 0.989407936
1621219427.000000000 209047.691447963 2468789.379252872 3.242000000 -0.015675708 0.007093137 0.144132823 0.989408757
1621219428.000000000 209047.691757370 2468789.380478473 3.237000000 -0.015780447 0.007102301 0.144136238 0.989406529
1621219429.000000000 209047.694930439 2468789.381650473 3.225000000 -0.015713534 0.007100265 0.144129603 0.989408575
1621219430.000000000 209047.698682000 2468789.383119493 3.212000000 -0.015743760 0.007035463 0.144107223 0.989411818
1621219431.000000000 209047.701580225 2468789.384912334 3.197000000 -0.015855202 0.007037131 0.144120696 0.989408064
1621219432.000000000 209047.711617847 2468789.416124953 3.176000000 -0.015617402 0.007750891 0.144087712 0.989411316
1621219433.000000000 209047.710450915 2468789.751701165 3.155000000 -0.015541467 0.008826615 0.143634968 0.989469327
1621219434.000000000 209047.996445737 2468790.935565016 3.139000000 -0.014781042 0.009439997 0.139908254 0.990009135
1621219435.000000000 209048.696673810 2468793.389860489 3.125000000 -0.014270856 0.007859717 0.136083675 0.990563375
1621219436.000000000 209049.785580822 2468797.019633024 3.111000000 -0.013069310 0.007224283 0.131416525 0.991214760
1621219437.000000000 209051.242579292 2468801.796330283 3.092000000 -0.010041710 0.006446051 0.126142645 0.991940344
1621219438.000000000 209052.964683194 2468807.589813131 3.082000000 -0.006584972 0.006423202 0.127039044 0.991855061
1621219439.000000000 209055.038843608 2468814.285781717 3.083000000 -0.007955553 0.006908922 0.132706942 0.991099311
1621219440.000000000 209057.429023212 2468821.611849414 3.091000000 -0.009763559 0.007654818 0.140299248 0.990031413
1621219441.000000000 209060.031051125 2468829.389874978 3.071000000 -0.011132166 0.003233111 0.142229732 0.989765793
1621219442.000000000 209062.851200614 2468837.587724845 3.064000000 -0.005278740 0.003549841 0.144663584 0.989460449
1621219443.000000000 209065.830818182 2468846.209267519 3.059000000 -0.004950704 0.005218583 0.145524910 0.989328438
1621219444.000000000 209068.940271215 2468855.263061718 3.063000000 -0.001370397 0.006080004 0.142271588 0.989808037
1621219445.000000000 209072.139495432 2468864.736004179 3.079000000 -0.003814918 0.004267554 0.143219804 0.989674352
1621219446.000000000 209075.447541465 2468874.375610839 3.094000000 -0.003626465 0.004687388 0.145423065 0.989351813
1621219447.000000000 209078.751683055 2468883.898616469 3.116000000 -0.003055395 0.001830267 0.147204641 0.989099645
1621219448.000000000 209082.071591205 2468893.391773886 3.137000000 -0.002139016 0.004708522 0.147678181 0.989021946
1621219449.000000000 209085.410152418 2468902.963391569 3.139000000 -0.002116607 0.004979019 0.146992979 0.989122739
1621219450.000000000 209088.736498718 2468912.525387027 3.157000000 -0.002021887 0.004851702 0.146040689 0.989264621
1621219451.000000000 209091.944929384 2468921.879021656 3.177000000 -0.002181488 0.002522250 0.144576820 0.989487960
1621219452.000000000 209095.074838684 2468930.986308520 3.194000000 -0.002442296 0.003504988 0.145473751 0.989352889
1621219453.000000000 209098.132558870 2468939.879453124 3.206000000 -0.001163955 0.004514045 0.144516928 0.989491347
1621219454.000000000 209101.089052271 2468948.552841951 3.239000000 -0.001676480 0.003453896 0.144450001 0.989504652
1621219455.000000000 209103.938968087 2468956.934846538 3.256000000 -0.005398171 0.004778760 0.145317559 0.989358797
1621219456.000000000 209106.599509761 2468964.718860616 3.277000000 -0.008312830 0.001342651 0.145728896 0.989288726
1621219457.000000000 209108.803930930 2468971.198131891 3.309000000 -0.011393613 -0.002676712 0.144689553 0.989407881
1621219458.000000000 209110.493861122 2468976.161953300 3.334000000 -0.007006251 0.003657573 0.144046327 0.989539383
1621219459.000000000 209111.786808498 2468979.950144676 3.369000000 -0.004748919 0.005703846 0.144712481 0.989445912
1621219460.000000000 209112.703480293 2468982.643590298 3.404000000 -0.003927912 0.003237129 0.144850257 0.989440496
1621219461.000000000 209113.230161155 2468984.198216721 3.431000000 -0.003733237 0.002817659 0.144828241 0.989445756
1621219462.000000000 209113.471594160 2468984.914678191 3.451000000 -0.003446675 0.002920732 0.144813014 0.989448726
1621219463.000000000 209113.486203465 2468984.960581969 3.453000000 -0.003189025 0.003249036 0.144951051 0.989428354
1621219464.000000000 209113.486128593 2468984.956581348 3.455000000 -0.003245132 0.003286432 0.144955633 0.989427376
1621219465.000000000 209113.486334325 2468984.952267626 3.457000000 -0.003196958 0.003289860 0.144962475 0.989426519
1621219466.000000000 209113.486591891 2468984.950723566 3.458000000 -0.003227300 0.003328882 0.144951978 0.989427828
1621219467.000000000 209113.486591891 2468984.950723566 3.458000000 -0.003235528 0.003331831 0.144945165 0.989428789
1621219468.000000000 209113.486591891 2468984.950723566 3.458000000 -0.003239401 0.003354506 0.144938423 0.989429688
1621219469.000000000 209113.486591891 2468984.950723566 3.458000000 -0.003254446 0.003351632 0.144931766 0.989430623
1621219470.000000000 209113.486591891 2468984.950723566 3.458000000 -0.003249402 0.003346268 0.144938037 0.989429739
1621219471.000000000 209113.486591891 2468984.950723566 3.458000000 -0.003253844 0.003363405 0.144927905 0.989431151
1621219472.000000000 209113.486591891 2468984.950723566 3.458000000 -0.003270622 0.003352890 0.144918408 0.989432522
1621219473.000000000 209113.486591891 2468984.950723566 3.459000000 -0.003277497 0.003359931 0.144910491 0.989433635
1621219474.000000000 209113.486591891 2468984.950723566 3.459000000 -0.003283360 0.003349613 0.144908346 0.989433965
1621219475.000000000 209113.486305528 2468984.950728926 3.459000000 -0.003276520 0.003352854 0.144907855 0.989434049
1621219476.000000000 209113.486305528 2468984.950728926 3.459000000 -0.003304651 0.003356981 0.144896430 0.989435614
1621219477.000000000 209113.486305528 2468984.950728926 3.459000000 -0.003313138 0.003342903 0.144894047 0.989435982
1621219478.000000000 209113.485160078 2468984.950750363 3.452000000 -0.003325421 0.003340585 0.144887791 0.989436865
1621219479.000000000 209113.483172818 2468984.951711098 3.438000000 -0.003333414 0.003331281 0.144884201 0.989437395
1621219480.000000000 209113.482388604 2468984.955727798 3.424000000 -0.003346295 0.003310584 0.144885498 0.989437231
1621219481.000000000 209113.482292300 2468984.965888583 3.406000000 -0.003337764 0.003304061 0.144880752 0.989437977
1621219482.000000000 209113.504907295 2468985.056896183 3.382000000 -0.003251345 0.003789836 0.144898833 0.989433876
1621219483.000000000 209113.663897236 2468985.562177647 3.356000000 -0.005162949 0.004018193 0.145075716 0.989398926
1621219484.000000000 209114.141263075 2468986.976732653 3.327000000 -0.005029598 0.007648857 0.144929917 0.989399574
1621219485.000000000 209114.958825530 2468989.410362406 3.309000000 -0.004396214 0.010377208 0.143132550 0.989639359
1621219486.000000000 209116.124451807 2468992.900784988 3.298000000 -0.002628555 0.005950381 0.141156121 0.989965976
1621219487.000000000 209117.600723720 2468997.377279986 3.278000000 -0.002371882 0.005913675 0.140626830 0.990042169
1621219488.000000000 209119.268830534 2469002.415085857 3.260000000 -0.004702966 0.006971594 0.143443348 0.989622799
1621219489.000000000 209121.044518418 2469007.629738097 3.256000000 -0.004868292 0.006305246 0.146624419 0.989160161
1621219490.000000000 209122.982884241 2469013.194755386 3.240000000 -0.003273811 0.005482132 0.150207591 0.988633859
1621219491.000000000 209125.270684930 2469019.415414149 3.241000000 -0.005205688 0.007603455 0.166059536 0.986072674
1621219492.000000000 209128.179798687 2469026.354352952 3.245000000 -0.000334241 0.007364400 0.184294241 0.982843470
1621219493.000000000 209131.577598055 2469033.950637356 3.260000000 0.000690008 0.008016806 0.194264043 0.980916274
1621219494.000000000 209135.326330761 2469041.930705885 3.298000000 -0.001064263 0.006592257 0.204011992 0.978945615
1621219495.000000000 209139.300242720 2469049.957971501 3.340000000 -0.001439872 0.008900256 0.214739594 0.976629724
1621219496.000000000 209143.438492347 2469057.858099597 3.390000000 0.005099510 0.005154685 0.221193906 0.975202892
1621219497.000000000 209147.465385420 2469065.441073930 3.427000000 0.004663691 -0.002184322 0.226983170 0.973885065
1621219498.000000000 209151.227407351 2469072.126703332 3.450000000 0.013835922 0.005479001 0.239307827 0.970829703
1621219499.000000000 209154.862765393 2469077.830206033 3.467000000 0.003543776 -0.000710809 0.299371119 0.954129902
1621219500.000000000 209159.554957512 2469082.114456349 3.419000000 0.004080936 -0.002808781 0.457215618 0.889342080
1621219501.000000000 209164.780292713 2469084.364939420 3.377000000 0.003904211 -0.002646823 0.585311611 0.810794715
1621219502.000000000 209170.100660235 2469085.004217239 3.336000000 0.001040023 0.000869045 0.696678245 0.717382455
1621219503.000000000 209175.386429969 2469083.901725476 3.284000000 -0.004992051 -0.008562626 0.801328303 0.598142719
1621219504.000000000 209180.758281926 2469081.566849296 3.139000000 -0.009361659 -0.004260107 0.837373015 0.546535126
1621219505.000000000 209186.079088068 2469078.999273828 3.015000000 -0.008237186 0.010890406 0.837715397 0.545936316
1621219506.000000000 209191.279424335 2469076.438572220 3.023000000 -0.001750348 0.007510168 0.837203779 0.546836691
1621219507.000000000 209196.096726770 2469074.120850722 3.045000000 -0.003581194 0.010165932 0.836010673 0.548607313
1621219508.000000000 209200.348802416 2469072.122477715 3.020000000 -0.007570540 0.015295373 0.834525009 0.550705681
1621219509.000000000 209203.904970943 2469070.425271896 3.033000000 -0.006764948 0.014038809 0.835381921 0.549448990
1621219510.000000000 209206.531671697 2469069.161975109 3.031000000 -0.002729370 0.013554774 0.835532724 0.549266680
1621219511.000000000 209208.766592038 2469068.087639055 3.029000000 0.000993437 0.012238697 0.835889613 0.548760223
1621219512.000000000 209211.535825986 2469066.756412756 3.034000000 0.001357808 0.011439573 0.836943330 0.547168306
1621219513.000000000 209214.692268552 2469065.037750692 3.039000000 0.000897196 0.015063257 0.868059342 0.496231066
1621219514.000000000 209217.776890061 2469062.481240193 3.064000000 0.004704612 0.016957026 0.905939933 0.423040382
1621219515.000000000 209221.599835353 2469059.195787099 3.114000000 0.005977830 0.013462782 0.889623736 0.456456599
1621219516.000000000 209226.536688814 2469056.209041591 3.139000000 0.003197482 0.011274198 0.847539715 0.530602581
1621219517.000000000 209232.360123392 2469053.206019567 3.166000000 -0.001784282 0.007791184 0.841871220 0.539619276
1621219518.000000000 209238.766035176 2469050.070503457 3.177000000 0.001164552 0.009671079 0.835413502 0.549535617
1621219519.000000000 209245.144510811 2469047.060797567 3.213000000 0.001415668 0.012032348 0.835198323 0.549815406
1621219520.000000000 209251.554876566 2469043.918123581 3.278000000 0.005485830 0.015597945 0.840488545 0.541576971
1621219521.000000000 209258.688136044 2469040.415909262 3.391000000 0.012279322 0.012330768 0.828499934 0.559718706
1621219522.000000000 209266.982530911 2469037.623732509 3.574000000 0.007276701 0.019193600 0.782181924 0.622711886
1621219523.000000000 209276.135197830 2469035.231408577 3.858000000 0.012926389 0.021763858 0.779693263 0.625649789
1621219524.000000000 209285.922205952 2469032.676687971 4.245000000 0.012375725 0.030777627 0.781262668 0.623320321
1621219525.000000000 209296.245719528 2469029.859504334 4.769000000 0.010805340 0.033266038 0.783165908 0.620828298
1621219526.000000000 209306.756212757 2469026.976645755 5.245000000 0.008194887 0.032122900 0.781319286 0.623250460
1621219527.000000000 209317.042814307 2469024.345183560 5.664000000 0.007744945 0.027868138 0.772147817 0.634784319
1621219528.000000000 209327.122160885 2469022.150130237 5.873000000 0.001211932 0.008702705 0.759031367 0.650994760
1621219529.000000000 209337.162778523 2469020.488076212 5.861000000 -0.006788444 0.008653490 0.744760521 0.667241187
1621219530.000000000 209346.975694143 2469019.210786377 5.739000000 -0.014417436 0.004383739 0.734719556 0.678203579
1621219531.000000000 209356.262078365 2469018.269667099 5.473000000 -0.022228457 0.005161423 0.725360212 0.687991147
1621219532.000000000 209365.054135430 2469017.671195644 5.138000000 -0.033430889 0.006224088 0.714483712 0.698825202
1621219533.000000000 209373.538457657 2469017.344463510 4.703000000 -0.038654737 0.004523654 0.705727864 0.707413267
1621219534.000000000 209381.677724760 2469016.948149630 4.228000000 -0.033581081 -0.003539539 0.720945979 0.692168099
1621219535.000000000 209389.242792276 2469015.518358313 3.840000000 -0.014001348 -0.014825355 0.784697338 0.619543589
1621219536.000000000 209396.228633231 2469012.525685648 3.410000000 -0.005201618 -0.045180608 0.842980719 0.536017875
1621219537.000000000 209402.764423397 2469008.122255251 2.897000000 -0.004182515 -0.043656327 0.896208143 0.441460752
1621219538.000000000 209407.953498447 2469001.999436540 2.491000000 -0.002774028 -0.036019110 0.955023109 0.294322595
1621219539.000000000 209411.115084317 2468994.624646278 2.262000000 0.004176734 -0.027864362 0.987037484 0.157997268
1621219540.000000000 209412.195048507 2468986.841164944 2.264000000 0.013777933 -0.034281207 0.998126541 0.048768598
1621219541.000000000 209412.439138163 2468979.242627178 2.480000000 0.026911189 -0.030366459 0.998690186 0.031170148
1621219542.000000000 209412.635234326 2468971.712405326 2.829000000 0.024108479 -0.012464764 0.999216291 0.028813437
1621219543.000000000 209412.793055446 2468963.973563070 3.028000000 0.006917630 -0.002296647 0.999583686 0.027916405
1621219544.000000000 209412.931924792 2468956.492743309 3.098000000 0.009218175 0.006198006 0.999641746 0.024351359
1621219545.000000000 209412.647808784 2468949.493300518 3.176000000 -0.006477927 -0.008259288 -0.999533900 0.028667098
1621219546.000000000 209411.412441445 2468943.111636047 3.224000000 -0.003343016 -0.002275246 -0.993824963 0.110885480
1621219547.000000000 209409.239920336 2468937.259134274 3.116000000 0.009103186 0.000698637 -0.982502846 0.186023656
1621219548.000000000 209406.219890937 2468931.705081172 3.001000000 -0.012270080 -0.007081880 -0.965654952 0.259441336
1621219549.000000000 209402.207921600 2468926.308720639 3.239000000 -0.027176005 0.001489259 -0.948494339 0.315622776
1621219550.000000000 209397.599097156 2468921.088218019 3.491000000 -0.020224668 -0.002996495 -0.936034883 0.351312797
1621219551.000000000 209392.371908413 2468916.011651969 3.589000000 -0.006872627 -0.012630448 -0.922820143 0.384962624
1621219552.000000000 209386.949380192 2468911.181938799 3.586000000 -0.004973835 -0.013250732 -0.919443357 0.392967673
1621219553.000000000 209381.404879470 2468906.340346675 3.540000000 -0.008032225 -0.009040261 -0.918114040 0.396131754
1621219554.000000000 209375.874940865 2468901.511721259 3.495000000 -0.001627933 -0.016145851 -0.917925719 0.396420276
1621219555.000000000 209370.671746086 2468897.014388585 3.459000000 -0.005889136 -0.016559061 -0.916203601 0.400327462
1621219556.000000000 209365.774299136 2468892.843815427 3.448000000 -0.013723517 -0.012933307 -0.915402433 0.402097975
1621219557.000000000 209361.424289119 2468889.163874844 3.490000000 -0.009993728 -0.012531064 -0.915461473 0.402086296
1621219558.000000000 209357.709286621 2468885.969850556 3.514000000 -0.007297582 -0.015355097 -0.916734795 0.399134417
1621219559.000000000 209354.840862125 2468883.500061926 3.541000000 -0.008315010 -0.014217148 -0.916793509 0.399021798
1621219560.000000000 209353.182378715 2468882.082959830 3.536000000 -0.007929491 -0.010450362 -0.916324627 0.400221303
1621219561.000000000 209352.735363996 2468881.692964074 3.542000000 -0.009823615 -0.010162028 -0.916250826 0.400355659
